0 4353.56 4840.52 518.275 7791.61 6212.61 6690.69 3557.42 3660.23 3121.33 6811.73 4212.14 9380.96 5025.72 4409.21 9809.18 4287.96 390.693 4469.22 3848.97 3981.76 2944.35 5593.15 7380.59 6130.68 4154.98 7355.88 7868.22 4442.88 7502.28 1709.33 4250.14 4808.62 7852.84 6635.06 5124.66 9272.66 7875.47 2847.23 6381.11 5017.59 9746.42 6999.17 1718.22 10523.4 10030.6 8305.83 5388.59 8816.61 7896.07 7470.77 9983.66 7231.47 6879.85 7174.78 2756.41 10449.4 4613.37 4822.59 1346.56 3052.22 5657.66 5811.18 7458.03 3062.51 6778.97 4342.28 6686.18 6901.12 1962.66 2657.22 3381.98 5835.24 6995.32 4321.94 9494.12 6846.93 4318.66 2217.99 3534.23 3504.62 6760.25 3058.15 1998.39 4485.61 5050.23 4094.91 6003.75 6561.42 5724.22 7666.51 7125.77 4908.73 1637.33 1979.76 5979.53 1424.35 2917.3 1921.18 2057.12 1908.53 1055.4 5509.57 9959.86 4965.72 5168.66 4138.29 5827.21 3096.29 8535.61 9710.23 1363.13 2414.22 8041.98 9740.35 4140.73 8878.99 7767.69 6587.15 2377.52 
4353.56 0 1266.26 4418.22 4762.49 2075.81 2353.17 816.481 3679.46 5548.51 4273.3 2759.88 5593.64 2069.78 2124.49 5986.09 3605.68 4000.68 6546.87 3122.66 5752.32 5001.97 2253.7 3152.18 2942.25 2516.22 3002.5 3537.42 5894.14 4373.66 2981.5 312.101 750.432 3655.16 3715.55 1322.39 5664.73 4332.14 1576.43 3764.07 4277.07 5936.41 2656.62 2889.87 7148.55 6273.36 3986.4 1730.68 4698.19 4160.82 3561.51 6074.77 3694.14 2527.32 4219.09 1764.77 7068.3 3180.05 4251.81 4216.04 3004.89 1321.79 4240.12 3154.35 4580.74 3505.45 4774.1 2636.4 3996.2 2880.31 3474.01 1465.01 1859.57 2958.18 5742.36 5695.91 5527.51 5673.04 5200.79 3263.15 5193.83 2434.79 2285.35 5067.3 4364.83 2616.7 6137.28 2654.93 5519.06 4159.68 3585.14 3760.79 4162.27 4694.34 3323.18 4543.18 3182.4 3981.04 5174.21 2296.52 2926.87 3358.09 1500.56 6414.33 4189.51 4183.49 1636.73 1837.37 2828.49 4286.16 6556.74 3227.02 3004.33 3722.69 5871.31 4864.49 6246.86 5438.72 2814.74 2330.75 
4840.52 1266.26 0 4770.33 3535.45 1436.38 2184.68 1788.35 3060.33 6559.77 5412.31 4020.65 6218.34 839.975 1162.86 5041.44 4856.23 4543.18 6063.47 4355.56 6867.27 4705.09 1006.27 3520.14 4016.24 1678.65 2920.58 3239.26 5302.12 3155.86 3797.88 1031.86 602.599 4023.93 4803.19 315.166 6389.04 3229.2 2045.02 4914.08 5541.18 4983.93 2483.99 3165.87 6032.71 6888.73 4082.03 571.983 3977.8 3142.91 4231.91 6595.76 2572.14 2558.4 5266.77 2088.78 5953.43 2201.01 3328.09 5020.83 2626.77 1375.73 5490.97 3363.56 5665.77 2294.97 5989.51 1852.08 2741.12 3769.44 3210.07 2611.66 2709.24 3583.34 6898.16 4734.45 4342.97 5079.44 5139.73 2679.44 6294.04 2197.73 3417.25 5053.33 5606.02 1440.72 5682.75 1429.69 4378.41 5412.39 4102.03 2582.04 5425.49 4747.92 3332.12 3388.11 3932.74 3619.65 5197.16 2891.57 3805.41 3786.22 2404.24 5346.46 5453.59 5449.73 909.715 2680.23 2452.93 4526.13 5378.85 3963.53 4026.91 3372.42 6429.35 4206.53 4993.96 4172.57 1785.82 2502.87 
518.275 4418.22 4770.33 0 7553.34 6176.4 6718.69 3651.96 3279.98 3635.06 7163.95 4571.06 9618.78 4869.67 4222.79 9662.16 4712.74 782.233 3951.31 4248.39 4499.97 2434.9 5453.58 7511.49 6405.78 3917.41 7405.18 7884.1 3932.91 7281.58 2038.74 4280.46 4803.24 7995.4 6948.55 5067.09 9537.29 7704.2 2860.23 6718.09 5461.98 9597.46 7029.92 1604.81 10297.2 10277 8400.35 5299.08 8743.21 7754.59 7673.14 10203.2 7070.75 6940.21 7493.9 2727.06 10224.7 4316.55 4431.05 1857.96 2749.27 5693.09 6219.44 7560.11 3570.75 6592.49 4833.63 6622.36 6666.69 2303.78 2290.48 3594.18 6003.83 7169.47 4839.44 9345.19 6458.99 3813.41 1703.02 3198.25 4021.66 6779.15 3373.35 1483.03 4952.81 4833.58 3576.68 5849.61 6157.21 6130.96 7837.25 6943.27 5349.89 1119.61 1670.88 5622.73 1759.39 2487.44 1414.73 2151.24 2253.79 1064.71 5665.9 9764.06 5406.52 5601.32 4006.39 5993.37 2818.36 8663.68 9461.62 1699.54 2806.07 8048.84 9966.08 3673.19 8579.1 7453.16 6475.85 2268.28 
7791.61 4762.49 3535.45 7553.34 0 3159.19 3891.31 5313.82 4565.1 9995.68 8446.51 7513.31 8052.94 2924.7 3418.1 2636.36 8367.17 7586.84 6999.44 7881.95 10373.7 6379.08 2529.86 5422.1 7017.06 3639.41 4262.94 3914.55 6093.37 399.77 7153.59 4562.48 4017.11 5763.48 7763.73 3440.71 8426.46 1094.8 5357.46 7999.65 9014.92 2562.32 3947.94 6093.91 2748.77 8620.54 5241.04 3031.99 2956.92 1563.9 6485.91 8143.35 1309.91 4332.44 8109.57 5296.68 2678.37 3301.44 3783.13 8308.84 4826.61 4081.72 8830.64 5036.24 9161.81 1261.18 9523.4 2716.22 891.052 7177.79 5373.54 6146.46 5587.2 5908.99 10423.9 2356.71 2806.62 5921.82 7204.04 4461.76 9794.8 3774.63 6946.75 7219.09 9127.15 2747.44 6768.99 2110 3174.23 8761.1 6101.98 1075.18 8904.48 7081.87 5887.94 2647.85 7228.31 5460.53 7406.72 6156.77 7205.14 6782.91 5421.05 2326.76 8927.86 8898.17 3807.34 5557.02 4739.08 5853.14 1923.9 7245.42 7507.96 3836.58 8084.79 5127.42 1554.07 1332.42 2168.97 5473.49 
6212.61 2075.81 1436.38 6176.4 3159.19 0 947.663 2855.3 4367.85 7623.25 5287.32 4597.67 5299.81 1804.29 2427.7 3924.29 5472.16 5894.69 7370.47 5057.52 7795.97 6096.9 1361.09 2530.87 3858.36 2956.16 1629 1823.44 6562.93 2762.55 5011.46 2041.25 1427.6 2983.24 4605.67 1124.1 5572.43 2442.16 3370.86 4842.67 6031.39 3877.56 1182.67 4573.07 5202.19 5939.15 2822.81 1039.41 2641.14 2173.47 3480.93 5564.67 1889.43 1414.14 4964.8 3460.03 5121.69 3295.88 4391.47 6250.54 4032.61 970.443 5731.62 2248.53 6642.54 1973.71 6717.05 574.254 2638.87 4934.46 4627.16 3530.7 2429.06 2855.41 7756.23 3642.14 4877.98 6343.59 6570.18 4019.14 7247.25 897.644 4345 6487.48 6249.78 2350.6 7007.81 1428.15 5031.84 5667.72 3197.04 2084.15 5931.01 6184.3 4768.28 4069.97 5185.94 5009.1 6632.76 4200.33 4978.21 5166.03 2283.29 4423.74 5946.58 5883.04 2323.46 2399.03 3863.53 3344.81 4726.69 5224.47 5080.13 1942.89 5437.65 5452.87 4713.25 4187.83 990.223 3917.82 
6690.69 2353.17 2184.68 6718.69 3891.31 947.663 0 3168.67 5223.05 7735.04 4658.4 4429.55 4362.55 2709.76 3285.52 4091.64 5291.99 6345.72 8231.36 4954 7790.06 6888.28 2305.45 1602.01 3271.29 3816.7 735.896 1184.47 7445.47 3509.95 5321.97 2442.37 1935.57 2039.16 3960.43 1877.58 4653.71 3009.13 3859.81 4258.09 5747.78 4059.54 312.217 5139.97 5585.8 4996.39 1912.17 1924.43 2562.91 2633.8 2609.27 4617.11 2581.76 473.598 4253.34 3998.44 5506.78 4211.7 5319.74 6547.65 4808.27 1034.03 5298.96 1301.24 6698.16 2805.14 6578.82 1184.98 3490.6 5201.21 5383.36 3674.44 1910.32 2017.91 7694.83 3852.64 5808.95 7224.33 7284.99 4854.54 7271.05 134.941 4441.3 7183.89 6064.04 3280.88 7857.4 2364.15 5973.39 5246.05 2278.97 2841.37 5660.58 6852.11 5435.96 5015.74 5531.93 5803.84 7316.19 4636.5 5250.73 5672.56 1903.47 4759.66 5667.38 5566.74 3093.77 1884.81 4632.83 2407.35 5249.43 5577.72 5243.77 1374.62 4491.89 6338.92 5429.78 5022.31 1792.72 4514.42 
3557.42 816.481 1788.35 3651.96 5313.82 2855.3 3168.67 0 3415.22 4804.69 4388.62 2412.74 6143.04 2448.47 2262.54 6730.63 3179.68 3197.54 6107.02 2643.28 5079.86 4489.81 2786.3 3863.91 3204.57 2508.12 3807.75 4353.11 5533.11 4939.37 2168.8 823.303 1448.17 4354.05 3924.51 1953.44 6153.6 4998.37 908.289 3877.14 3926.55 6678.08 3470.78 2186.68 7811.19 6818.76 4753.53 2337.55 5492.06 4869.96 4130.69 6671.32 4346.01 3326.4 4461.77 1147.48 7731.55 3216.86 4183.95 3405.92 2637.3 2138.21 4084.3 3909.82 3882.22 4082.07 4236.57 3401 4493.09 2079.52 3004.45 851.207 2416.59 3573.51 5111.61 6433.68 5704.73 5317.88 4569.74 3003.92 4508.27 3251.23 1633.02 4418.54 3895.09 2883.71 5687.61 3216.09 5634.57 3996.65 4228.95 4369.75 3803.91 4024.96 2718.47 4699.11 2366.07 3540.3 4508.33 1506.98 2123.96 2587.34 2061.3 7105.89 3839.92 3880.62 1739.44 2401.21 2476.38 5013.71 7167.2 2410.54 2258.22 4539.08 6452.11 4574.06 6738.76 5842.86 3507.76 1717.68 
3660.23 3679.46 3060.33 3279.98 4565.1 4367.85 5223.05 3415.22 0 6524.31 7803.58 5645.9 9204.59 2585.88 1941.94 6984.45 6238.48 3600.11 3008.33 5670.56 7204.04 1861.8 3145.64 6565.61 6575.24 1411.81 5955.04 6181.04 2249.32 4374.36 3848.3 3379.4 3495.74 7073.29 7321.17 3353.36 9319.55 4996.93 2662.96 7291.75 7047.02 6913.17 5510.01 2307.66 7291.56 9881.98 7132.52 3328.57 6468.83 5188.9 7182 9623.92 4454.94 5616 7848.35 2419.73 7225.26 1302.76 1165.14 4628.1 850.421 4419.31 7408.59 6423.64 6043.56 3884.49 6953.29 4584.85 3731.29 4021.93 1004.18 4058.29 5522.52 6548.39 7423.41 6669.56 3186.71 2026.13 2639.07 417.18 6638.65 5219.1 4505.85 2661.51 6807.28 2185.33 2639.98 3393.46 2910.1 7317.71 7116.55 4228.73 6920.28 2570.34 1713.73 2350.72 3756.37 901.594 2852.29 2943.2 4015.18 2886.37 5169.98 6878.57 6966.84 7067.82 2184.47 5498.06 969.537 7586.41 6394.95 3738.86 4566.15 6277.13 9444.46 1185.36 5383.17 4235.65 4182.13 2058.58 
3121.33 5548.51 6559.77 3635.06 9995.68 7623.25 7735.04 4804.69 6524.31 0 5741.4 3620.93 8940.16 7071.29 6630.07 11530 3038.52 3010.98 7561.38 3028.67 969.094 6065.21 7519.99 7785.27 5753.23 6574.82 8225.25 8875.25 7563.62 9645.3 2860.47 5625.97 6248.93 8144.06 5899.03 6753.42 8651.83 9788.63 4641.01 5493.6 3340.53 11478.7 7999.63 4238.98 12589.2 9490.81 8844.77 7125.03 10222.4 9674.32 7422.49 9630.27 9131.9 7733.85 6329.49 4725.3 12510.3 7189 7674.29 1901.86 5764.08 6781.88 4374.19 8023.81 1097.03 8815.57 2149.89 8184.69 9127.68 2817.91 5547.01 4096.84 6203.01 7177.14 1408.89 11235.7 9639.56 7435.84 5301.37 6292.4 812.475 7844.78 3298.24 5086.26 2644.95 7321.64 7200.93 7957.07 9411.87 4317.02 7801.07 9126.15 3295.04 4752.72 4824.66 8690.21 2842.82 5919.61 4979.37 3878.62 2791.39 3640.82 6002.11 11903.5 3342.89 3594.41 6194.66 6210.84 5739.75 8859.4 11896.8 2843.06 2548.09 9084.16 9359.51 7194.78 11301.7 10276.3 8311.34 4693.77 
6811.73 4273.3 5412.31 7163.95 8446.51 5287.32 4658.4 4388.62 7803.58 5741.4 0 2599.61 3337.65 6252.17 6397.15 8610.07 2760.36 6431.89 10396.4 3024.05 5213.64 8723.22 6239.23 3541.71 1433.86 6777.08 4615.69 5277.94 9891.08 8049.68 5125.63 4583.23 4809.72 3579.11 700.068 5315.4 2961.31 7653.8 5204.17 513.018 2443.01 8590.97 4721.05 6207.78 10213.3 3807.55 4464.32 5673.44 6972.61 7291.84 2571.62 4045.39 7164.22 4309.11 693.216 5458.9 10135.5 7452.2 8506.61 5806.29 7017.95 4393.48 1420.53 3960.78 4718.77 7240.25 3687.08 5760.6 7871.82 4861.96 7327.76 3850.54 2862.16 2827.51 4875.72 8412.5 9755.11 9680.39 8566.41 7391.25 4964.72 4790.59 3801.24 8374.43 3122.37 6844.69 9972.33 6533.1 9775.98 1455.67 3102.63 7371.46 2463.93 7945.79 6895.63 8790.97 5407.18 7871.95 8404.65 5337.51 4913.4 6256.21 3069.92 9373.5 2422.1 2176.29 5906.94 2892.62 6861.44 4143.23 9907.72 5467.78 4406.65 5483.37 3771.76 8960.21 10000.6 9412.91 6277.54 5971.31 
4212.14 2759.88 4020.65 4571.06 7513.31 4597.67 4429.55 2412.74 5645.9 3620.93 2599.61 0 5437.12 4788.55 4673.11 8470.19 874.702 3832.9 7972.47 593.088 3444.09 6281.08 5013.58 4201.28 2164.26 4909.29 4790.04 5475.73 7559.05 7120.92 2532.75 2996.19 3497.51 4534.49 2482.91 4074.98 5226.52 7003.82 2987.12 2181.02 1525.44 8430.43 4647.41 3745.71 9796.31 6037.41 5269.89 4483.71 6991.85 6769.71 3805.21 6103.74 6390.99 4319.74 3000.41 3226.42 9715.76 5620 6538.17 3252.12 4807.09 3641.27 1780.81 4476.59 2523.91 6252.92 2149.29 5168.36 6756.07 2267.29 4999.02 1613.23 2673.67 3565.49 3291.04 8206.07 8117.47 7360.29 6027.35 5258.68 2990.14 4555.48 1249.26 5827.73 1652.76 5275.18 7549.37 5411.18 8042.37 1688.68 4181.14 6490.7 1406.95 5397.59 4469.89 7111.73 2811.98 5537.29 5844.44 2881.23 2317.58 3700.22 2549.64 9021.08 1437.95 1468.02 4149.4 2687.3 4676.37 5247.26 9267.04 2872.2 1811 5692.89 5839.4 6730.6 9006.45 8184.46 5482.96 3645.3 
9380.96 5593.64 6218.34 9618.78 8052.94 5299.81 4362.55 6143.04 9204.59 8940.16 3337.65 5437.12 0 6934.92 7379.99 7177.13 5901.63 8990.55 12134.5 5992.3 8504.44 10591.2 6628.97 2770.3 3295.48 7883.87 3817.59 4157.15 11449.1 7709.22 7687.74 5867.22 5716.79 2329.91 3043.3 5973.42 567.017 7018.53 7050.16 3466.57 5745.93 7186.46 4197.95 8308.86 8949.26 679.76 2845.12 6165.64 5608.3 6559.39 2032.36 707.735 6779.09 3889.58 2666.54 7281.01 8882.4 8409.44 9538.01 8639.67 8590.12 4848.41 4750.48 3076.13 7868.27 7114.99 6980.23 5495.47 7803.43 7454.19 9066.85 6025.03 3744.13 2656.31 8190.22 7090.07 10171.4 11226.3 10710.7 8797.09 8201.23 4441.27 6364.42 10554.2 6398.62 7544.43 11727.9 6725.36 10331.5 4776.24 2126.08 7084.43 5748.85 10151.4 8859.12 9365.04 7968.42 9573.88 10634.3 7521.56 7510.83 8587.34 4105.75 8114.48 5713.47 5478.01 7030.56 3763.66 8411.87 2236.85 8957.58 8028.73 7147.56 4271.41 434.415 10382.1 9502.56 9291.24 6120.23 7855.93 
5025.72 2069.78 839.975 4869.67 2924.7 1804.29 2709.76 2448.47 2585.88 7071.29 6252.17 4788.55 6934.92 0 694.603 4792.7 5602.08 4775.52 5575.46 5081.11 7460.6 4374.52 601.855 4189.58 4853.56 1187.88 3424.3 3600.07 4759.69 2576.81 4235.19 1799.42 1442.48 4678.7 5640.58 986.382 7138.49 2850.85 2436.53 5754.04 6313.83 4728.32 2976.06 3307.81 5564.5 7596.65 4616.36 786.82 3983.64 2885.71 4985.55 7269.7 2206.03 3142.04 6099.2 2393.12 5487.54 1502.63 2619.52 5410.69 2376.39 2101.88 6309.41 3976.72 6245.43 1776.03 6684.95 2002.53 2067.09 4253.54 2984.64 3298.44 3526.98 4335.16 7528.1 4475.98 3503.43 4540.89 4951.99 2264.58 6879.55 2685.66 4070.39 4899.89 6334.92 619.732 5220.63 980.233 3546.89 6229.29 4809.03 2112.78 6195.39 4650.82 3285.4 2555.2 4322.91 3295.73 5063.44 3251.1 4281.45 3980.88 3233.28 4950.13 6226.29 6235.92 903.326 3497.38 2227.18 5114.04 4829.71 4343.67 4589.59 3691.77 7119.3 3649.29 4296.98 3401.28 1664.76 2650.97 
4409.21 2124.49 1162.86 4222.79 3418.1 2427.7 3285.52 2262.54 1941.94 6630.07 6397.15 4673.11 7379.99 694.603 0 5448.47 5436.74 4181.97 4948.92 4891.02 7088.85 3692.73 1295.25 4679.85 5046.65 531.354 4015.38 4245.87 4161.66 3105.37 3770.88 1816.63 1692.43 5181.61 5827.49 1431.86 7542.88 3481.59 2006.75 5888.42 6189.09 5382.48 3569.46 2694.87 6123.76 8051.06 5197.12 1388.42 4678 3552.42 5386.66 7757.67 2852.88 3689.53 6317.3 1904.87 6048.68 1069.21 2182.09 4896.92 1681.79 2538.27 6298.89 4508.88 5870.26 2372.14 6434.37 2680.94 2530.44 3824.26 2290.04 3098.43 3816.93 4739.8 7193.25 5130.63 3449.46 3940.01 4257.39 1594.01 6504.44 3278.33 3805.84 4205.97 6134.96 691.576 4581.53 1646.71 3407.5 6214.2 5264.84 2721.52 6066.4 3961.58 2610.64 2448.26 3824.3 2609.68 4370.42 2758.5 3845.29 3379.7 3489.85 5551.2 6102.45 6139.9 523.762 3789.22 1533.7 5665.19 5341.59 3838.15 4220.72 4349.43 7592.15 3058.31 4671.87 3674.72 2359.01 2058.87 
9809.18 5986.09 5041.44 9662.16 2636.36 3924.29 4091.64 6730.63 6984.45 11530 8610.07 8470.19 7177.13 4792.7 5448.47 0 9342.48 9542.02 9598.56 8959.05 11720.2 8841.13 4216.17 5108.64 7298.75 5824.45 3994.8 3341.06 8694.03 2676.35 8833.34 5907.43 5282.93 5231.59 7913.54 4805.6 7666.46 1993.11 7082.79 8263.99 9834.08 74.1259 3943.5 8094.44 1780.3 7600.99 4429.98 4470.76 1649.63 1913.59 6188.43 7039.78 2595.98 4340.78 8100.46 7102.87 1718.14 5682.09 6348.28 10061.2 7069.12 4841.04 9378.34 4678.03 10564.1 3119.56 10610.9 3353.6 3300.89 8788.36 7661.06 7449.01 5996.69 5791.88 11674.8 318.263 5400.77 8513.75 9586.14 6801.64 11171.1 3958.35 8266.36 9570.43 10119.6 4898.87 9346.6 3812.58 5788.93 9328.65 5685.36 2767.62 9744.05 9373.11 8057.33 5275.09 8974.08 7846.96 9748.23 7928.91 8827.71 8757.9 5988.63 985.383 9752.71 9657.18 5670.99 5972.23 6946.15 4988.81 2055.96 9004.95 8982.13 3145.7 7068.55 7688.09 3186.22 3775.44 3255.62 7431.75 
4287.96 3605.68 4856.23 4712.74 8367.17 5472.16 5291.99 3179.68 6238.48 3038.52 2760.36 874.702 5901.63 5602.08 5436.74 9342.48 0 3937.42 8354.74 568.346 2697.27 6665.81 5856.13 4966.9 2757.54 5629.27 5626.43 6317.51 8020.6 7976.72 2745.78 3825.69 4350.22 5261.3 2861.41 4926.5 5620.82 7874.84 3626.8 2465.06 812.983 9303.15 5502.25 4167.19 10669.9 6456.7 6036.62 5335.29 7854.9 7643.86 4453.25 6592.3 7258.84 5164.25 3306.66 3846.78 10589.4 6338.33 7198.19 3132.39 5389.02 4515.88 1541.04 5269.18 1975.37 7108.33 1297.82 6043.02 7596.8 2485.8 5502.89 2338.51 3495.32 4296.2 2486.94 9079.49 8860.42 7832.52 6290.67 5870.75 2316.42 5419.27 1733.05 6080.15 778.135 6062.8 7936.85 6260.6 8761.26 1459.3 4874.97 7352.45 687.163 5654.15 4906.67 7853.2 2994.23 6025.87 6069.22 3347.15 2523.69 3982.01 3400.28 9895.68 737.787 894.983 4915.72 3511.55 5275.17 5963.66 10134.3 3048.61 1925.02 6535.58 6321.27 7267.92 9849.29 9003.22 6352.93 4190.16 
390.693 4000.68 4543.18 782.233 7586.84 5894.69 6345.72 3197.54 3600.11 3010.98 6431.89 3832.9 8990.55 4775.52 4181.97 9542.02 3937.42 0 4677.34 3484.23 3819.45 3090.37 5330.6 7004.67 5740.23 3965.42 7002.62 7526.21 4581.39 7285.75 1320.53 3910.22 4481.17 7474.22 6247.8 4819.9 8882.06 7625.75 2523.84 5997.69 4681.35 9480.46 6652.77 1493.3 10305.5 9639.93 7938.2 5099.02 8511.68 7628.54 7083.08 9594.14 6976.67 6523.52 6788.42 2454.43 10230.6 4466.84 4764.93 1141.35 2927.74 5311.78 5451.84 7089 2825.64 6541.41 4061.87 6380.07 6695.84 1576.25 2598.89 2995.43 5452.93 6611.46 4131.87 9228.45 6776.52 4442.25 2456.64 3432.15 3312.27 6418.53 2669.6 2236.94 4171.05 4839.63 4288.85 5748.4 6510.21 5364.08 7282.93 6884.76 4569.91 1841.87 1888.74 5879.98 1035.42 2923.53 2186.24 1709.83 1522.75 803.942 5129.77 9722.36 4626.64 4823.69 3878.8 5445.33 2950.27 8159.71 9509.54 974.15 2044.17 7703.19 9350.48 4186.91 8719.89 7623.41 6305.56 2127.2 
4469.22 6546.87 6063.47 3951.31 6999.44 7370.47 8231.36 6107.02 3008.33 7561.38 10396.4 7972.47 12134.5 5575.46 4948.92 9598.56 8354.74 4677.34 0 7820.03 8448.17 1692.79 6109.06 9549.23 9307.43 4417.81 8963.3 9175.47 906.066 6922.29 5627.62 6267.65 6468.39 10059 10003.7 6359.98 12209.5 7680.47 5224.49 9898.28 9154.93 9524.77 8518.04 4226.76 9526.95 12814.1 10140.3 6332.38 9327.74 7955.03 10102.8 12585.2 7229.99 8621.45 10549.3 4972.28 9473.55 4152.65 3261.97 5803.08 3544.44 7409.87 9742.53 9423.29 7502.98 6639.07 8707.8 7557.27 6306.16 5878.16 3102.77 6545.9 8406.09 9483.75 8790.59 9297.47 4629.79 1088.21 2260.2 3384.84 7972.36 8227.03 6728.97 2476.55 8741.92 5110.26 424.298 6303.2 4201.53 9650.44 10076.6 6954.8 9033.23 2838.77 3509.33 4365.12 5408.88 2572.7 2584.65 5093.89 5845.4 4389.19 8046.01 9297.1 9086.98 9244.45 5172.8 8384.16 3722.68 10588.1 8573.59 5362.48 6453.61 9262.95 12395.4 1961.61 7321.58 6215.47 7107.57 4432.3 
3848.97 3122.66 4355.56 4248.39 7881.95 5057.52 4954 2643.28 5670.56 3028.67 3024.05 593.088 5992.3 5081.11 4891.02 8959.05 568.346 3484.23 7820.03 0 2868.57 6128.68 5360.09 4788.79 2740.96 5070.97 5345.96 6025.71 7468.5 7495.02 2241.63 3323.83 3872.38 5126.7 2997.37 4444.57 5759.85 7430.45 3060.23 2654.13 1377.67 8916.89 5183.88 3617.14 10237.5 6580.28 5856.26 4852.14 7510.59 7219.75 4395.13 6666.37 6804.06 4869.23 3491.94 3278.92 10157 5779 6631.02 2782.46 4821.28 4118.33 1972.27 5056.67 1931.77 6627.2 1661.36 5631.35 7095.73 1976.53 4941.99 1794.87 3245.41 4157.86 2741.72 8688.08 8305.08 7278.39 5787.22 5302.41 2401.31 5076.85 1164.85 5579.81 1253.84 5526.06 7400.49 5772.19 8200.64 1883.16 4774.15 6882.46 1251.09 5151.46 4355.51 7298.04 2503.42 5467.63 5578.22 2787.24 2019.03 3465.58 3099.15 9476.91 1299.33 1428.57 4372.05 3257.52 4706.92 5839.88 9674.78 2560.45 1442.32 6241.67 6399.93 6704.31 9348.37 8481.39 5906.87 3623.76 
3981.76 5752.32 6867.27 4499.97 10373.7 7795.97 7790.06 5079.86 7204.04 969.094 5213.64 3444.09 8504.44 7460.6 7088.85 11720.2 2697.27 3819.45 8448.17 2868.57 0 6906.74 7857.93 7639.95 5451.01 7098.39 8210.2 8885.15 8400.41 10007.5 3397.78 5878.51 6486.32 7952.16 5472.29 7025.39 8168.95 10070.2 5082.37 5038.53 2770.75 11673.5 8032.35 4896.6 12886.5 9014.69 8709.8 7416.11 10329.6 9913.12 7149.11 9206.41 9421.67 7729.76 5848.17 5206.97 12806.6 7748.88 8331.12 2678.87 6406.63 6898.25 3801.05 7920.68 1218.69 9157.04 1527.29 8367.78 9527.66 3286.51 6256.76 4289.96 6113.54 6984.59 459.561 11436.9 10248.6 8261.36 6190.24 6937.01 584.624 7908.65 3469.04 5972.39 2105.89 7775.9 8076.64 8291.26 10049.2 3758.94 7571.51 9449.27 2757.63 5618.83 5539.95 9275.19 3451.25 6668.86 5877.12 4402.11 3274.89 4360.74 5962.94 12165.1 2795.58 3038.02 6619.32 6125.91 6360.93 8657.67 12244.6 3466.01 2873.58 9099.87 8932.82 7959.22 11743.6 10762.4 8562.68 5269.45 
2944.35 5001.97 4705.09 2434.9 6379.08 6096.9 6888.28 4489.81 1861.8 6065.21 8723.22 6281.08 10591.2 4374.52 3692.73 8841.13 6665.81 3090.37 1692.79 6128.68 6906.74 0 4958.14 8091.37 7670.91 3188.03 7623.9 7920.3 1498.53 6212.47 3948.64 4742.81 5027.46 8601.9 8349.92 5016.23 10633.6 6856.43 3590.38 8228.82 7468.25 8769.5 7189.04 2535.77 9073.07 11270.4 8770.23 5066.48 8314.34 7050.22 8560.75 11075.4 6316.44 7240.16 8898.16 3343.5 9009.94 3163.13 2673.84 4231.35 2080.71 5988.3 8049.94 8008.28 5898.27 5746.12 7059.68 6373.26 5569.96 4195.17 1533.37 4875.54 6847.67 7959.64 7221.69 8527.09 4560.01 1382.82 994.95 2114.44 6402.26 6902.62 5036.62 1134.97 7069.45 4032.79 1271.86 5235.72 4184.22 7957.87 8577.12 6089.68 7345.96 1337.75 1827.64 3949.08 3740.15 1087.85 1317.89 3405 4164.22 2716.17 6486 8703.39 7399.39 7554.18 3795.37 6827.72 2257.64 9173.99 8153.64 3696.46 4772.62 8033.85 10873.3 1480.57 7047.88 5893.81 6011.55 2784.6 
5593.15 2253.7 1006.27 5453.58 2529.86 1361.09 2305.45 2786.3 3145.64 7519.99 6239.23 5013.58 6628.97 601.855 1295.25 4216.17 5856.13 5330.6 6109.06 5360.09 7857.93 4958.14 0 3860.5 4814.47 1771.27 2985.13 3084.65 5272.9 2153.07 4715.21 2036.55 1526.91 4329.11 5596.26 956.134 6872.57 2306.74 2922.88 5755.91 6529.04 4153.28 2541.43 3878.45 5073.42 7277.7 4177.21 567.254 3382.97 2303.76 4741.58 6917.59 1650.91 2764.08 6021.11 2911.06 4995.06 1974.37 3043.3 5914.88 2976.6 1906.41 6430.94 3602.45 6651.13 1299.69 6995.77 1448.4 1742.55 4711.03 3584.75 3616.59 3424.31 4096.97 7897.88 3900.97 3608.02 5057.35 5551.73 2844.13 7281.9 2258.53 4418.48 5501.19 6609.3 1011.88 5765.6 437.142 3720.64 6355.4 4509.58 1606.97 6415.04 5252.47 3883.19 2741.34 4823.58 3884.6 5665.14 3758.03 4743.13 4542.78 3172.86 4422.73 6441.55 6428.69 1454.86 3393.71 2828.67 4705.77 4387.88 4848.46 5003.56 3158.63 6783.69 4163.59 3993.56 3215.64 1064.01 3215.65 
7380.59 3152.18 3520.14 7511.49 5422.1 2530.87 1602.01 3863.91 6565.61 7785.27 3541.71 4201.28 2770.3 4189.58 4679.85 5108.64 4966.9 7004.67 9549.23 4788.79 7639.95 8091.37 3860.5 0 2381.92 5198.76 1187.06 1770.15 8813.86 5054.91 5808.43 3371.03 3081.3 510.781 2861.19 3252.16 3052.19 4457.25 4719.69 3258.44 5209.4 5095.56 1478.52 6031.88 6777.25 3417.55 1070.17 3410.98 3460.03 4029.8 1101.04 3081.9 4118.27 1128.92 2995.82 4916.53 6702.15 5680.63 6805.94 6950.02 6030.84 2147.6 4517.06 431.38 6694.87 4393.98 6251.25 2766.22 5082.06 5626.36 6558.76 4052.09 1608.66 731.138 7453.78 4934.84 7407 8590.78 8349 6170.92 7190.07 1691.92 4656.5 8218.63 5680.23 4791.32 9156.06 3958.12 7561.72 4487.91 682.73 4401.75 5150.96 7846.32 6470.49 6594.81 6062.05 7032.24 8326.38 5360.53 5681.75 6447.15 1888.63 5928.51 5141.69 4980.72 4382.01 1607.38 5851.18 1155.06 6590.45 6116.78 5501.19 1963.15 2930.57 7724.22 6932.07 6601.14 3385.57 5482.54 
6130.68 2942.25 4016.24 6405.78 7017.06 3858.36 3271.29 3204.57 6575.24 5753.23 1433.86 2164.26 3295.48 4853.56 5046.65 7298.75 2757.54 5740.23 9307.43 2740.96 5451.01 7670.91 4814.47 2381.92 0 5458.05 3321.21 4009.66 8734.29 6619.58 4424.63 3254.24 3415.11 2576.2 787.025 3901.17 3143.29 6244.01 4084.53 989.908 2862.8 7274.51 3365.8 5230.52 8852.98 3920.42 3416.2 4250.29 5684.4 5895.62 1699.81 3947.96 5740.4 2960.67 1277.59 4335.61 8774.34 6112.2 7193.76 5344.4 5831.85 2959.69 2137.78 2759.92 4660.98 5806.93 3984.03 4342.72 6438.09 4182.06 6206.69 2856.78 1430.08 1655.94 5209.17 7083.84 8355.63 8517.74 7640.27 6158.52 5067.27 3405.42 3085.01 7464.93 3397.07 5455.59 8886.59 5101.37 8392.95 2106.41 2151.14 5941.88 2817.75 7045.96 5862.39 7403.78 4708.38 6744.33 7522.06 4389.06 4238.2 5409.48 1641.67 8020.95 2801.7 2621.46 4575.77 1460.38 5665.45 3251.65 8510.08 4769.35 3853.53 4223.81 3687.05 7751.68 8570.95 7979.89 4848.38 4886.43 
4154.98 2516.22 1678.65 3917.41 3639.41 2956.16 3816.7 2508.12 1411.81 6574.82 6777.08 4909.29 7883.87 1187.88 531.354 5824.45 5629.27 3965.42 4417.81 5070.97 7098.39 3188.03 1771.27 5198.76 5458.05 0 4546.73 4771.29 3631.81 3364.62 3722.7 2204.13 2174.15 5702.43 6231.5 1957.94 8033.57 3837.32 2058.84 6265.33 6404.61 5756.34 4100.78 2474.65 6380.21 8557.04 5728.12 1916.81 5143.8 3954.6 5880.25 8272.91 3235.3 4218.64 6734.2 1898.2 6307.51 710.83 1735.71 4776.58 1245.22 3053.02 6589.74 5035.41 5885.15 2711.01 6553.04 3190.01 2750.62 3812.17 1844.05 3303.41 4278.59 5236.3 7235.67 5506.23 3237.58 3409.91 3800.13 1076.7 6514.54 3809.64 3944.24 3763.97 6295.62 928.861 4051.78 2075.2 3134.76 6502.72 5774.64 3064.54 6279.81 3549.27 2261.24 2232.47 3736.48 2113.52 3935.8 2704.22 3825.68 3163.35 3941.5 5856.64 6319.24 6375.75 886.055 4251.81 1124.72 6193.52 5555.51 3741.96 4260.79 4871.01 8103.64 2530.56 4769.79 3707.13 2829.97 1897.92 
7355.88 3002.5 2920.58 7405.18 4262.94 1629 735.896 3807.75 5955.04 8225.25 4615.69 4790.04 3817.59 3424.3 4015.38 3994.8 5626.43 7002.62 8963.3 5345.96 8210.2 7623.9 2985.13 1187.06 3321.21 4546.73 0 699.046 8172.18 3905.88 5929.82 3125.34 2652.67 1502.32 3918.76 2613.12 4166.53 3276.29 4545.43 4273.75 5998.85 3975.28 448.239 5839.19 5620.21 4420.97 1193.87 2643.62 2365.24 2844.07 2285.6 3999.96 2970.75 495.11 4123.22 4696.38 5543.94 4922.18 6020.46 7140.12 5543.7 1715.35 5435.45 776.986 7164.37 3299.79 6923.92 1693.62 3987.43 5791.1 6117.34 4231.76 2135.5 1808.96 8080.43 3798.89 6395.05 7951.51 8012.6 5588.81 7713.45 739.1 4959.22 7908.42 6382.54 3979.59 8590.96 2988.14 6586.59 5393.21 1851.71 3269.54 5923.12 7571.43 6157.55 5648.65 6152.9 6539.66 8038.13 5298.76 5842.68 6351.64 2247.34 4774.27 5923.13 5795.35 3829.62 2117.43 5368.05 1731.55 5406.37 6201.31 5784.12 917.666 3899.41 7064.2 5757.51 5476.67 2316.83 5223.73 
7868.22 3537.42 3239.26 7884.1 3914.55 1823.44 1184.47 4353.11 6181.04 8875.25 5277.94 5475.73 4157.15 3600.07 4245.87 3341.06 6317.51 7526.21 9175.47 6025.71 8885.15 7920.3 3084.65 1770.15 4009.66 4771.29 699.046 0 8352.51 3590.09 6505.01 3618.08 3083.31 1954.86 4584.95 2924.1 4565.99 2863.12 5030.02 4952.06 6697.49 3326.57 888.152 6295.92 5011.69 4708.31 1326.59 2858.68 1695.84 2402.27 2861.02 4229.82 2683.25 1156.56 4759.4 5158.39 4937.27 5058.73 6115.86 7728.49 5853.77 2216.86 6130.24 1338.82 7823.43 3111.18 7614.35 1654.36 3778.43 6380.9 6445.31 4842.38 2831.38 2453.24 8763.95 3164.81 6263.68 8135.37 8378.42 5839.36 8381.32 1107.98 5593.06 8288.59 7076.31 4096.46 8819.35 2987.03 6495.57 6089.04 2377.53 3008.46 6621.3 7972.03 6553.52 5600.77 6716.24 6832.48 8428.43 5816.46 6430.91 6844.09 2927.46 4162.28 6621.59 6494.38 4140.04 2812.61 5683.42 1939.34 4869.56 6762.13 6406.93 218.875 4171.29 7242.05 5345.43 5190.66 2221.45 5659.06 
4442.88 5894.14 5302.12 3932.91 6093.37 6562.93 7445.47 5533.11 2249.32 7563.62 9891.08 7559.05 11449.1 4759.69 4161.66 8694.03 8020.6 4581.39 906.066 7468.5 8400.41 1498.53 5272.9 8813.86 8734.29 3631.81 8172.18 8352.51 0 6017.97 5356.24 5602.12 5744.79 9320.96 9456.45 5588.73 11552.9 6781.62 4687.02 9385.07 8831.03 8620.2 7724.82 3853.54 8629.43 12127.2 9357.61 5530.41 8447.53 7063.29 9423.22 11873.1 6341.22 7850.42 9994.87 4432.26 8575.23 3302.41 2365.57 5722.68 2904.85 6666.8 9339.63 8664.89 7373.86 5749.78 8500.25 6720.22 5403.99 5589.66 2569.91 6056.99 7749.29 8792.89 8708.72 8393.62 3762.36 223.191 2377.18 2652.39 7890.01 7433.5 6337.27 2563.57 8474.4 4265.6 753.651 5445.01 3338.8 9247.45 9365.4 6061.33 8706.53 2827.53 3113.94 3460.3 5169.75 2026.35 2720.98 4689.08 5564.24 4149.45 7393.03 8392 8758.17 8896.64 4433.7 7725.76 3075.32 9824.8 7677.62 5130.61 6168.57 8431.49 11692.7 1110.65 6438.44 5323.26 6250.8 3933.15 
7502.28 4373.66 3155.86 7281.58 399.77 2762.55 3509.95 4939.37 4374.36 9645.3 8049.68 7120.92 7709.22 2576.81 3105.37 2676.35 7976.72 7285.75 6922.29 7495.02 10007.5 6212.47 2153.07 5054.91 6619.58 3364.62 3905.88 3590.09 6017.97 0 6811.86 4179.26 3626.6 5408.12 7367.95 3051.3 8072.33 877.579 5013.33 7601.5 8620.14 2602.61 3577.7 5795.31 3021.15 8286.35 4913.86 2643.09 2764.29 1314.93 6111.03 7819 936.778 3956.47 7717.5 4962.76 2947.08 3087.09 3673.87 7979.53 4576.44 3682.2 8431.2 4675.59 8797.97 868.405 9139.55 2330.06 643.147 6828.41 5139.27 5767.48 5189.57 5527.75 10050.9 2376.15 2921.69 5837.42 7006.68 4239.97 9430.01 3395.64 6571.43 7011.06 8738.42 2452.43 6671.9 1726.8 3257.48 8361.79 5736.3 678.832 8510.15 6854.59 5624.03 2621.11 6894.93 5260.02 7195.86 5822.65 6857.13 6482.54 5021.65 2511.29 8533.15 8501.8 3470.1 5159.35 4478.73 5523.62 2252.9 6913.88 7146.34 3525.64 7752.78 5015.97 1951.51 1603.57 1772.57 5164.23 
1709.33 2981.5 3797.88 2038.74 7153.59 5011.46 5321.97 2168.8 3848.3 2860.47 5125.63 2532.75 7687.74 4235.19 3770.88 8833.34 2745.78 1320.53 5627.62 2241.63 3397.78 3948.64 4715.21 5808.43 4424.63 3722.7 5929.82 6505.01 5356.24 6811.86 0 2970.42 3587.27 6260.01 4927.78 4028.33 7567.7 7011.96 1798.96 4683.59 3533.95 8777.26 5618.22 1563.79 9786.48 8332.29 6784.28 4369.84 7652.32 6940.62 5808.68 8301.5 6353.1 5439.01 5469.28 1866.16 9708.5 4356.92 4950.13 1239.13 3027.13 4298.98 4211.02 5931.69 2205.88 5998.33 3158.56 5543.17 6278.85 267.065 2957.48 1756.67 4223.67 5366.52 3583.56 8528.9 6850.9 5182.05 3547.3 3555.21 2819.29 5410.36 1349.07 3338.76 3122.57 4462.32 5213.99 5151.17 6656.17 4120.98 6037.94 6320.07 3414.26 2911.06 2279.05 5878.64 285.114 3433.18 3337.15 1019.59 222.738 1240.15 3920.13 9131.77 3469.05 3640.64 3346.45 4219.13 2970.19 6959.21 9064.69 346.385 826.632 6696.07 8054.22 4722.18 8441.71 7418 5580.57 1871.68 
4250.14 312.101 1031.86 4280.46 4562.48 2041.25 2442.37 823.303 3379.4 5625.97 4583.23 2996.19 5867.22 1799.42 1816.63 5907.43 3825.69 3910.22 6267.65 3323.83 5878.51 4742.81 2036.55 3371.03 3254.24 2204.13 3125.34 3618.08 5602.12 4179.26 2970.42 0 624.93 3878.6 4027.61 1147.82 5951.62 4191.77 1420.28 4073.43 4519.89 5855.01 2752.33 2718.74 7008.04 6546.92 4158.82 1545.66 4681.91 4050.88 3835.18 6334.05 3543.79 2666.5 4530.95 1577.86 6928.13 2869.25 3939.72 4209.54 2723.26 1412.86 4522.22 3341.84 4690.07 3314 4960.93 2580.3 3772.82 2896.08 3210.77 1596.33 2147.17 3221.07 5890.7 5610.85 5231.89 5380.47 4980.29 2963.94 5311.8 2510.11 2412.63 4854.77 4574.18 2327.06 5860.71 2452.94 5216.36 4440.41 3834.45 3586.15 4402.77 4492.74 3102.31 4243.61 3149.8 3708.44 4969.14 2200.68 2938.88 3230.64 1791.74 6292.52 4432.29 4437.3 1325.11 2123.7 2545.41 4489.57 6386.59 3190.12 3078.29 3793.1 6135.79 4564.76 6025.68 5188.58 2690.86 2126.18 
4808.62 750.432 602.599 4803.24 4017.11 1427.6 1935.57 1448.17 3495.74 6248.93 4809.72 3497.51 5716.79 1442.48 1692.43 5282.93 4350.22 4481.17 6468.39 3872.38 6486.32 5027.46 1526.91 3081.3 3415.11 2174.15 2652.67 3083.31 5744.79 3626.6 3587.27 624.93 0 3591.5 4201.92 577.582 5859.42 3587.75 1961.4 4311.78 5006.89 5230.77 2247.57 3212.62 6404.95 6392.25 3755.76 986.196 4067.98 3432.19 3706.7 6128.33 2946.31 2229.79 4669.17 2076.28 6324.82 2756.2 3874.51 4825.89 2955.17 962.824 4912.23 2980.84 5304.51 2758.19 5524.53 1957.53 3266.18 3518.95 3501.09 2196.75 2128.86 3064.45 6486.03 4987 4945.56 5521.61 5364.82 3094.93 5923.12 1983.88 3017.34 5257.03 5112.39 2040.5 6074.78 1914.02 4978.11 4835.29 3620.85 3010.46 4894.17 4918.93 3505.01 3988.66 3758.54 3958 5385.55 2779.01 3561.11 3771.58 1812.45 5679.32 4919.5 4902.72 1314.31 2100.61 2775.88 4146.65 5806.44 3796.89 3700.89 3245.62 5949.28 4667.44 5511.93 4735.79 2076.5 2579.88 
7852.84 3655.16 4023.93 7995.4 5763.48 2983.24 2039.16 4354.05 7073.29 8144.06 3579.11 4534.49 2329.91 4678.7 5181.61 5231.59 5261.3 7474.22 10059 5126.7 7952.16 8601.9 4329.11 510.781 2576.2 5702.43 1502.32 1954.86 9320.96 5408.12 6260.01 3878.6 3591.5 0 2932.99 3751.68 2664.22 4761.26 5218.11 3361.78 5437.79 5225.55 1868.36 6528.68 6945.54 2957.29 885.614 3896.33 3587.35 4316.74 1011.48 2592.33 4473.06 1569.1 2973.18 5418.22 6872.68 6174.26 7297.49 7381.98 6541.6 2654.16 4674.71 746.248 7049.04 4788.76 6528.32 3166.36 5477.6 6070 7069.19 4504 2038.05 969.176 7743.73 5084.36 7844.73 9097.93 8854.44 6679.65 7522.42 2113.04 5074.95 8722.45 5948.15 5275.23 9666.26 4403.16 8012.54 4654.95 478.987 4770.38 5389.2 8347.8 6976.04 7053.21 6518.4 7543.02 8828.48 5844.23 6125.9 6931.97 2345.29 6096.26 5375.11 5197.66 4890.36 2041.4 6361.94 716.862 6824.16 6574.09 5918.11 2116.6 2455.07 8229.64 7247.72 6977.06 3790.88 5985.91 
6635.06 3715.55 4803.19 6948.55 7763.73 4605.67 3960.43 3924.51 7321.17 5899.03 700.068 2482.91 3043.3 5640.58 5827.49 7913.54 2861.41 6247.8 10003.7 2997.37 5472.29 8349.92 5596.26 2861.19 787.025 6231.5 3918.76 4584.95 9456.45 7367.95 4927.78 4027.61 4201.92 2932.99 0 4687.06 2767.37 6959.22 4781.79 457.574 2738.61 7893.86 4021 5870.26 9513.25 3597.65 3813.94 5033.2 6278.34 6594.18 1940.75 3739.39 6476.53 3609.04 551.322 5035.52 9435.51 6891.31 7966.71 5734.7 6561.19 3728.67 1815.34 3275.2 4833.46 6566.27 3954.69 5070.12 7205.3 4672.42 6911.21 3487.1 2190.63 2139.73 5175.49 7714.14 9142.57 9241.89 8264.54 6905.46 5158.12 4092.29 3579.6 8081.33 3368.01 6242.34 9581.09 5875.99 9179.51 1817.6 2463.07 6689.26 2728.15 7656.9 6529.15 8190.55 5212.78 7452.52 8126.43 5011.31 4726.76 5989.78 2424.08 8673.71 2697.36 2473.92 5351.63 2221.34 6398.22 3533.52 9209.85 5274.03 4275.7 4791.91 3466.83 8491.89 9317.63 8750.29 5595.38 5572.16 
5124.66 1322.39 315.166 5067.09 3440.71 1124.1 1877.58 1953.44 3353.36 6753.42 5315.4 4074.98 5973.42 986.382 1431.86 4805.6 4926.5 4819.9 6359.98 4444.57 7025.39 5016.23 956.134 3252.16 3901.17 1957.94 2613.12 2924.1 5588.73 3051.3 4028.33 1147.82 577.582 3751.68 4687.06 0 6162.27 3046.02 2306.62 4825.24 5584.22 4750.15 2174.13 3462.3 5861.19 6640.06 3781.04 408.854 3692.51 2923.59 4006.7 6332.9 2396.32 2262.89 5132.48 2368.59 5781.36 2436.16 3564.62 5259.3 2939.31 1126.18 5474.97 3077.55 5833.69 2183.05 6093.24 1561.52 2690.49 3984.75 3524.38 2743.61 2548.31 3356.37 7037.96 4502.64 4461.45 5366.49 5454.85 2978.79 6457.32 1886.62 3560.44 5368.02 5687.13 1606.05 5982.49 1336.44 4524.6 5399.31 3850.72 2442.89 5471.65 5061.01 3644.44 3532.68 4176.11 3929.99 5511.31 3150.41 4023.25 4072.31 2266.96 5152.65 5496.85 5478.61 1221.68 2518.39 2766.13 4236.07 5242.35 4209.45 4210.09 3057.61 6172.64 4488.47 4934.66 4171.15 1559.64 2802.28 
9272.66 5664.73 6389.04 9537.29 8426.46 5572.43 4653.71 6153.6 9319.55 8651.83 2961.31 5226.52 567.017 7138.49 7542.88 7666.46 5620.82 8882.06 12209.5 5759.85 8168.95 10633.6 6872.57 3052.19 3143.29 8033.57 4166.53 4565.99 11552.9 8072.33 7567.7 5951.62 5859.42 2664.22 2767.37 6162.27 0 7412.97 7061.32 3158.27 5399.25 7672.92 4518.61 8288.7 9431.45 846.294 3281.27 6384.7 6075.76 6960.92 2157.15 1180.81 7137.24 4181.03 2325.61 7299.96 9363.15 8589.55 9717.12 8463.71 8669.56 5037.61 4381.78 3401.63 7595.8 7441.55 6641.66 5814.4 8130.3 7325.25 9121.34 5957.52 3805.46 2806.57 7836.73 7567.16 10449.9 11330.9 10700.4 8907.33 7894.74 4743.61 6227.69 10535.9 6068.55 7754.49 11797.6 7000.27 10590.5 4415.82 2376.27 7433.12 5412.44 10125.4 8870.42 9613.91 7851.24 9639.4 10606.3 7476.54 7381.34 8524.23 4164.3 8591.71 5373.5 5131.49 7165.12 3828.3 8493.19 2688.41 9406.06 7912.15 6982.29 4696.05 934.983 10502.8 9900.55 9638.89 6435.99 7871.24 
7875.47 4332.14 3229.2 7704.2 1094.8 2442.16 3009.13 4998.37 4996.93 9788.63 7653.8 7003.82 7018.53 2850.85 3481.59 1993.11 7874.84 7625.75 7680.47 7430.45 10070.2 6856.43 2306.74 4457.25 6244.01 3837.32 3276.29 2863.12 6781.62 877.579 7011.96 4191.77 3587.75 4761.26 6959.22 3046.02 7412.97 0 5226.27 7233.85 8462.33 1923.4 3010.76 6157.26 2817.25 7569.65 4187.01 2664.23 1888.16 471.991 5543.93 7080.08 658.873 3414.29 7262.46 5217.64 2737.15 3694.18 4418.59 8219.13 5080.53 3411.3 8171.12 4053.14 8879.68 1127.57 9090.72 1908.17 1393.02 6995.35 5669.9 5783.27 4830.2 5000.76 10073.6 1676.04 3798.86 6592.34 7593.14 4808.64 9503.17 2881.7 6602.75 7577.55 8649.03 2909.67 7408.63 1879.32 4129.86 8108.23 5127.9 774.783 8359.32 7383.69 6081.68 3450.51 7127.67 5854.88 7755.73 6064.12 7029.94 6831.73 4717.08 2119.86 8376.84 8320.2 3747.89 4801.29 4961.06 4800.56 2284.75 7153.49 7251.5 2768.53 7031.45 5745.05 2487.61 2424.4 1523.6 5501.81 
2847.23 1576.43 2045.02 2860.23 5357.46 3370.86 3859.81 908.289 2662.96 4641.01 5204.17 2987.12 7050.16 2436.53 2006.75 7082.79 3626.8 2523.84 5224.49 3060.23 5082.37 3590.38 2922.88 4719.69 4084.53 2058.84 4545.43 5030.02 4687.02 5013.33 1798.96 1420.28 1961.4 5218.11 4781.79 2306.62 7061.32 5226.27 0 4698.11 4423.66 7024.27 4170.62 1313.78 7989.83 7726.31 5560.86 2612.95 5992.64 5177.26 5034.4 7573.07 4568.04 4083.5 5325.79 254.777 7912.07 2751.53 3571.81 2992.86 1835.68 2832.87 4745.63 4730.76 3863.9 4200.43 4496.27 3861.76 4486.76 1824.91 2129.76 1396.73 3317.58 4467.59 5194.58 6773.92 5289.05 4476.26 3666.51 2271.78 4497.87 3923.11 1907.38 3519.9 4258.67 2695.41 4802.91 3357.35 5157.88 4654.78 5116.43 4524.57 4297.22 3133.78 1810.19 4287.54 1901.41 2672.19 3616.22 846.614 1849.69 1814.08 2959.49 7344.71 4340.88 4425.54 1553.71 3301.08 1694.97 5859.72 7266.22 1927.94 2218 5199.6 7356.18 3778.13 6672.07 5680.2 3828.27 810.263 
6381.11 3764.07 4914.08 6718.09 7999.65 4842.67 4258.09 3877.14 7291.75 5493.6 513.018 2181.02 3466.57 5754.04 5888.42 8263.99 2465.06 5997.69 9898.28 2654.13 5038.53 8228.82 5755.91 3258.44 989.908 6265.33 4273.75 4952.06 9385.07 7601.5 4683.59 4073.43 4311.78 3361.78 457.574 4825.24 3158.27 7233.85 4698.11 0 2291.29 8241.7 4343.3 5720.66 9835.34 3997.84 4237.52 5189.16 6638.76 6884.86 2381.67 4167.88 6727.35 3934.96 843.459 4952.88 9756.93 6941.88 7994.23 5422.72 6508.27 3930.39 1357.89 3662.61 4440.37 6782.28 3516.3 5331.85 7405.2 4422.66 6823.93 3353.54 2413.8 2529.37 4732.83 8055.43 9255.61 9173.75 8091.42 6879.14 4740.66 4391.87 3346.26 7902.08 2932.65 6343.13 9474.38 6059.37 9271.69 1360.31 2897.37 6924.62 2286.27 7474.5 6401.83 8288.01 4967.09 7367.84 7937.17 4852.4 4475.4 5790.73 2596.56 9000.87 2253.29 2025.14 5396.4 2443.73 6351.03 3977.33 9499.66 5028.08 3991.27 5162.65 3894.32 8449.74 9553 8941.67 5831.98 5469.84 
5017.59 4277.07 5541.18 5461.98 9014.92 6031.39 5747.78 3926.55 7047.02 3340.53 2443.01 1525.44 5745.93 6313.83 6189.09 9834.08 812.983 4681.35 9154.93 1377.67 2770.75 7468.25 6529.04 5209.4 2862.8 6404.61 5998.85 6697.49 8831.03 8620.14 3533.95 4519.89 5006.89 5437.79 2738.61 5584.22 5399.25 8462.33 4423.66 2291.29 0 9799.08 5928.44 4977.5 11230.8 6245.29 6264.42 5992.06 8296.87 8202.44 4541.38 6450.78 7864.28 5563.19 3082.53 4648.15 11150.3 7115.07 7995.13 3796.61 6198.17 5062.53 1038.53 5553.44 2392.29 7753.74 1244.11 6593.32 8271.3 3278.4 6315.86 3102.03 3872.4 4499.91 2444.38 9583.88 9626.75 8643.8 7068.55 6676.37 2544.06 5879.52 2541.38 6855.81 695.576 6798.5 8738.3 6920.34 9539.23 989.987 5012.31 7980.18 126.755 6432.41 5717.19 8619.9 3772.46 6838.49 6837.16 4160.11 3313.45 4773.64 3845.86 10438 87.605 268.074 5665.89 3893.4 6082.18 6113.19 10738.1 3824.71 2708.01 6916.31 6176.73 8080.7 10518.8 9708.47 6950.18 5001.43 
9746.42 5936.41 4983.93 9597.46 2562.32 3877.56 4059.54 6678.08 6913.17 11478.7 8590.97 8430.43 7186.46 4728.32 5382.48 74.1259 9303.15 9480.46 9524.77 8916.89 11673.5 8769.5 4153.28 5095.56 7274.51 5756.34 3975.28 3326.57 8620.2 2602.61 8777.26 5855.01 5230.77 5225.55 7893.86 4750.15 7672.92 1923.4 7024.27 8241.7 9799.08 0 3916.09 8031.22 1765.01 7615.56 4429.84 4412.9 1639.79 1851.99 6178.06 7056.24 2529.68 4315.19 8085.44 7042.75 1700.78 5610.93 6274.79 10004.3 7000.83 4798.57 9349.87 4664.61 10515.4 3050.31 10569.8 3305.94 3227.65 8733.76 7592.23 7399.93 5966.35 5775.26 11630.4 252.378 5327.82 8440.03 9516.07 6731.59 11123.3 3925.92 8217.81 9500.93 10080.6 4830.35 9273.12 3748.1 5715.58 9299.61 5677.21 2698.09 9708.46 9304.72 7990.82 5200.96 8916.67 7776.45 9678.96 7870.2 8772.87 8695.56 5954.25 955.126 9717.49 9623.55 5608.14 5941.68 6878.42 4992.59 2008.29 8947.26 8930.72 3133.49 7082.21 7614.77 3123.48 3704.01 3198.17 7368.92 
