0.00 5368.69 6630.73 7277.09 1876.20 6661.22 7291.45 8835.14 7272.30 4488.97 9384.82 4732.61 6822.08 8229.03 7197.33 6326.77 3253.34 6388.30 8150.60 768.82 6830.32 5242.07 1837.28 4201.72 8890.08 4767.60 312.32 8468.01 4042.20 7804.03 2191.20 8445.43 4367.89 6295.48 8620.72 5970.45 7971.16 3106.79 2994.23 6437.67 8200.08 11545.42 2202.31 4742.98 8151.71 7566.09 7175.81 3054.70 5021.74 5709.02 7359.30 2890.14 1311.33 2741.93 6096.56 7846.70 6323.83 5562.21 7537.19 6247.83 5390.10 11014.64 1500.86 10890.85 7482.65 5709.04 5950.01 9693.60 1141.95 4600.37 3733.16 1731.39 4503.63 8525.34 8742.22 4594.55 6828.69 5642.40 6183.43 7327.46 5332.52 8463.65 5784.01 1365.66 3092.74 7855.43 5378.88 4134.46 8213.02 6196.45 6551.28 11899.35 5226.15 2730.32 3607.31 9877.14 10664.10 9099.45 1924.02 617.38 6820.51 8648.37 2863.66 3860.68 6230.30 8077.63 10459.13 9889.48 3510.19 3505.28 7487.61 8160.13 3987.46 10365.81 3816.27 6260.37 4068.74 7025.71 7302.84 3722.43 
5368.69 0.00 6165.73 4469.63 5394.67 1821.68 2988.24 3476.61 7725.99 3275.77 5312.08 2143.41 6613.47 3004.61 4894.22 3593.51 2543.67 3639.30 5448.63 5591.78 5080.16 2590.34 4705.07 3001.66 3525.42 4369.08 5439.32 3477.05 3234.43 2890.84 6510.35 3975.35 1227.40 3973.67 3825.51 703.42 3719.30 2994.01 4097.90 6229.82 6138.31 6588.00 6391.73 681.98 3566.04 2793.06 3061.09 4946.21 1456.24 803.01 3624.69 3323.88 5511.26 2702.42 2980.05 3873.20 3755.09 5886.64 6973.40 4379.56 124.42 6397.19 4073.77 5816.95 3394.92 802.59 1228.70 5763.31 5169.78 2005.48 5119.50 6374.40 1046.84 3202.34 3562.08 2765.79 7505.02 2006.52 3866.71 6540.96 1611.00 5393.77 2196.11 4279.38 2896.86 2505.51 3545.76 1587.11 4549.94 1518.30 6932.58 7026.54 4848.34 3944.50 5239.53 5654.39 6030.00 4872.51 3842.68 4787.56 3991.51 5566.02 4006.40 3117.65 5899.92 3546.62 5783.44 5013.22 3141.61 2483.59 3601.33 6524.60 2332.05 5226.23 1592.94 3836.07 1693.43 1822.81 3938.69 5008.35 
6630.73 6165.73 0.00 10543.79 4909.48 7914.48 4767.80 7803.99 1682.23 3070.83 5193.39 4057.37 470.04 6763.67 2226.22 2950.93 6872.05 2944.38 2894.04 7371.95 1582.01 3583.15 4794.23 8130.52 8242.89 2110.76 6928.78 6290.90 3358.09 5849.13 5524.39 5340.42 5259.43 9874.20 5973.10 6742.78 9839.82 7251.20 3745.14 313.56 2227.04 8196.43 5372.77 5730.35 5410.87 8801.56 4502.13 3593.97 4709.96 6968.62 4020.26 4302.65 5514.60 6261.13 9009.17 10029.70 2759.34 1164.78 940.34 1971.74 6057.71 7107.07 6716.26 8008.44 9551.64 5589.79 5330.18 5173.79 5524.76 7543.17 2928.00 5885.44 5389.96 8334.14 6908.71 8182.98 1665.17 4294.95 9752.73 709.32 4589.63 3451.17 4165.39 6844.36 7126.91 7111.09 9187.76 6705.05 4105.26 7676.75 1101.65 8274.40 1547.17 4070.56 3089.28 5700.98 6888.85 5266.79 5057.61 6187.08 2915.01 3548.71 7984.38 3579.19 400.80 5296.96 6824.42 6847.85 7751.93 7088.84 9766.33 1831.44 7383.65 7823.68 5514.41 9754.53 6762.96 7629.23 3544.38 2920.83 
7277.09 4469.63 10543.79 0.00 8336.27 3123.09 7151.00 5693.79 12015.56 7512.64 9254.77 6490.34 10972.35 6080.29 9358.43 8061.34 4310.06 8105.94 9857.53 6990.20 9545.50 7024.86 7721.41 3098.02 5267.96 8585.49 7144.33 6881.49 7329.12 6574.73 9233.65 7840.85 5290.35 990.07 7407.59 4073.94 2017.94 4250.83 7720.56 10570.14 10595.54 9411.77 9175.62 4816.86 7417.32 2869.10 7301.99 8504.89 5880.39 3705.68 7930.35 6869.18 8134.65 5031.45 1536.63 1582.57 8224.52 10095.58 11392.55 8836.96 4590.34 9737.10 5815.33 8532.60 1751.09 5201.64 5587.83 9739.57 7770.83 3136.52 8912.34 8886.97 5154.42 4665.42 6565.02 2766.80 11738.31 6475.06 1095.70 10971.68 6076.19 9733.95 6661.19 5918.56 4306.42 5256.75 1900.22 3971.08 8779.53 3107.33 11199.32 9934.84 9118.82 7443.24 8965.35 9453.81 9401.00 8772.21 6809.88 6953.69 8443.91 9892.52 4474.65 7145.72 10243.02 7447.32 9141.87 8236.97 3781.80 4022.51 1452.72 10993.80 3552.28 7901.34 5138.52 1016.95 3947.06 3786.27 8313.63 8815.55 
1876.20 5394.67 4909.48 8336.27 0.00 7016.34 6547.66 8659.66 5415.57 3376.70 8372.77 4040.74 5049.10 7881.00 5832.08 5206.54 4033.23 5262.07 6802.44 2643.87 5363.69 4362.25 690.72 5266.58 8831.33 3282.21 2188.32 7935.69 2986.09 7276.30 1132.38 7656.17 4198.00 7403.29 7969.38 6082.11 8624.75 4108.30 1705.05 4686.69 6689.35 10855.04 1001.42 4713.10 7436.38 7992.30 6376.28 1342.02 4560.78 5955.55 6403.55 2151.49 611.59 3328.79 6965.12 8592.20 5154.13 3788.92 5781.32 4888.45 5372.70 10151.59 2720.04 10303.89 8169.91 5470.57 5585.35 8611.98 754.76 5323.47 1983.39 1169.26 4371.26 8578.20 8328.13 5569.50 4966.02 4974.95 7281.37 5617.39 4796.46 7192.65 5060.84 2720.85 4038.98 7689.01 6505.46 4625.91 7144.95 6580.31 4718.21 11144.66 3640.28 1629.72 1822.00 8894.12 9823.17 8164.14 1607.10 1679.05 5650.63 7367.25 4277.57 2887.46 4515.17 7344.82 9647.49 9211.21 4619.40 4320.62 8242.43 6559.74 4804.59 9849.39 3830.65 7337.84 4600.06 7203.08 6233.15 2002.28 
6661.22 1821.68 7914.48 3123.09 7016.34 0.00 4053.38 2914.04 9508.23 5092.59 6133.90 3949.82 8370.98 3039.70 6433.66 5177.02 3456.80 5212.66 6831.88 6714.18 6716.26 4334.36 6328.17 3155.11 2667.29 6183.14 6663.80 3803.21 5054.87 3455.85 8097.81 4719.78 3004.92 2990.66 4310.96 1174.29 1925.37 3759.42 5859.58 7999.05 7634.93 6573.78 7993.30 2439.13 4295.35 989.13 4222.14 6708.39 3241.43 1082.75 4863.71 5048.53 7043.83 3924.97 1959.82 2143.68 5356.30 7695.70 8682.47 6051.91 1907.24 6731.50 5215.30 5712.74 1675.25 2329.36 2641.55 6617.99 6683.85 2242.46 6922.02 7898.50 2826.89 2124.68 3568.44 2738.17 9303.73 3641.19 2923.94 8239.31 3325.44 6663.37 3798.14 5399.39 3715.34 2236.80 3001.50 2526.80 5678.97 466.39 8724.97 7075.98 6649.95 5674.92 7033.73 6347.08 6381.82 5652.50 5416.89 6139.73 5496.88 6814.57 4603.94 4932.56 7669.88 4324.31 6121.98 5236.09 3635.00 3255.71 1934.79 8088.02 2853.82 5075.40 3205.43 2847.78 2594.11 723.10 5278.80 6811.94 
7291.45 2988.24 4767.80 7151.00 6547.66 4053.38 0.00 3049.30 6447.73 3244.37 2342.58 2570.28 5231.57 2004.15 2737.43 1865.91 5261.90 1855.68 2863.83 7748.10 3244.65 2190.05 5958.70 5966.87 3520.35 3927.92 7463.99 1575.18 3577.57 1082.34 7642.61 1155.86 3177.05 6836.50 1441.79 3121.66 5813.51 5745.36 4861.62 4969.33 3773.19 4310.15 7491.18 3142.40 888.86 4674.10 265.69 5531.41 2340.50 3558.34 874.05 4497.84 6913.63 5123.68 5794.14 6127.61 2045.28 5082.07 5285.86 2823.56 2871.22 3730.48 6365.51 3775.57 5687.42 2194.86 1771.35 2780.29 6664.00 4990.58 5320.16 7703.28 3126.76 3709.07 2158.74 5752.73 6403.00 1649.31 6741.62 4832.36 2001.06 2624.15 1514.05 6571.71 5627.57 2480.49 6511.25 4452.19 1628.53 4051.60 5808.22 4624.35 4103.35 4923.05 5512.96 2735.79 3375.56 1934.74 5404.38 6674.70 1866.83 2767.47 6764.87 3660.29 4681.76 798.61 3167.69 2663.63 6009.90 5291.21 5968.90 4320.29 5252.51 3381.52 3792.28 6693.47 4556.65 3492.16 1365.42 5215.53 
8835.14 3476.61 7803.99 5693.79 8659.66 2914.04 3049.30 0.00 9486.07 5784.51 4155.62 4743.50 8270.56 1045.47 5773.67 4863.70 5934.57 4864.53 5743.86 9066.97 6293.87 4722.07 7988.40 5974.54 560.51 6700.24 8914.08 1729.73 5973.40 1971.15 9791.94 2927.65 4517.59 5811.55 2261.42 2960.50 3823.73 6337.92 7138.24 7991.93 6716.26 3723.70 9658.66 4093.35 2627.72 2824.80 3313.55 7936.57 4119.99 3350.72 3875.50 6510.36 8866.19 6175.30 4831.37 4247.08 5052.38 8016.89 8333.79 5841.10 3446.76 4110.32 7546.49 2846.91 3952.28 3194.81 3091.34 4622.12 8545.46 4978.39 7903.45 9721.67 4361.83 1071.41 1132.89 5590.09 9420.43 3924.30 5763.55 7880.90 3939.95 5363.75 3941.69 7750.75 6261.09 982.31 5913.81 4937.71 4283.86 3260.96 8822.36 4243.40 6987.07 7080.12 8070.88 4159.53 3801.07 3692.41 7203.39 8244.65 4915.83 5453.11 7293.76 5961.24 7693.55 2722.81 3549.78 2642.19 6347.11 5811.55 4258.94 7302.09 5517.10 2211.35 5024.33 5674.62 5034.69 2214.89 4379.67 7791.29 
7272.30 7725.99 1682.23 12015.56 5415.57 9508.23 6447.73 9486.07 0.00 4505.84 6700.37 5587.12 1216.17 8445.34 3841.58 4631.68 8124.94 4626.09 4352.29 8039.90 3231.12 5179.30 5510.50 9428.22 9924.53 3431.69 7583.51 7961.19 4700.05 7529.60 5714.52 6979.49 6732.32 11290.46 7626.66 8333.95 11431.09 8454.60 4710.57 1523.77 3489.40 9718.54 5585.60 7238.89 7071.95 10418.07 6182.05 4272.27 6274.02 8527.06 5686.50 5431.27 6020.32 7458.15 10479.49 11599.18 4440.48 1951.76 1422.28 3651.90 7624.01 8575.05 7668.20 9593.26 11120.91 7199.33 6964.56 6614.06 6130.37 8944.44 3613.16 6162.51 6878.24 10009.23 8582.90 9532.86 469.73 5926.42 11166.65 1773.98 6188.63 4912.91 5809.60 7762.00 8337.32 8789.07 10550.53 8096.55 5693.15 9244.08 823.03 9751.63 2898.99 5046.95 3696.86 7182.62 8388.33 6828.69 6007.21 6936.95 4589.29 4974.85 9071.90 4898.58 1847.34 6958.56 8348.69 8446.39 8977.70 8366.97 11321.99 2908.40 8712.50 9444.52 6902.94 11178.17 8142.42 9260.40 5201.86 3658.15 
4488.97 3275.77 3070.83 7512.64 3376.70 5092.59 3244.37 5784.51 4505.84 0.00 5003.90 1154.54 3476.28 4858.26 2759.69 1857.79 3848.00 1917.09 3685.72 5105.47 2528.09 1086.82 2866.33 5073.38 6087.78 1095.35 4728.94 4737.40 448.81 4109.14 4432.96 4309.44 2226.51 6812.53 4685.64 3931.11 6994.06 4259.20 1672.17 3066.06 3888.11 7518.17 4277.71 2741.69 4127.10 6046.05 3046.34 2287.19 1875.94 4064.13 3027.44 1627.49 3820.13 3297.89 5976.08 7130.72 1838.12 2617.87 3972.57 1843.80 3185.50 6776.86 4049.35 7019.40 6654.17 2887.91 2783.56 5264.41 3633.68 4475.19 2127.84 4545.78 2374.44 6000.39 5217.72 5113.11 4250.67 1861.03 6690.19 3594.96 1910.66 3975.52 1867.87 4220.19 4131.25 4892.98 6116.93 3634.82 3786.63 4786.32 3694.50 7786.38 1606.99 1817.89 2306.25 5521.46 6451.52 4787.45 2588.29 3910.00 2337.38 4160.95 5087.43 656.41 2742.86 4028.06 6281.42 5893.19 4735.97 4046.73 6840.63 4014.16 4318.99 6614.81 2443.60 6695.42 3692.13 4958.50 2870.71 2017.38 
9384.82 5312.08 5193.39 9254.77 8372.77 6133.90 2342.58 4155.62 6700.37 5003.90 0.00 4687.31 5577.84 3322.65 3012.81 3170.19 7592.89 3116.99 2349.37 9909.40 3677.45 4142.77 7866.76 8303.92 4715.87 5291.91 9587.76 2491.20 5421.19 2680.59 9392.83 1414.12 5484.87 9048.09 1932.25 5359.87 7685.57 8077.19 6672.97 5479.90 3284.16 3018.17 9234.07 5483.42 1839.41 6557.03 2340.05 7183.51 4619.73 5818.22 2026.65 6506.43 8823.10 7413.07 7996.71 8055.45 3242.49 5949.84 5311.07 3728.81 5198.39 1927.10 8597.94 2981.28 7658.80 4529.06 4109.37 487.22 8623.69 7317.55 6800.23 9541.49 5449.52 5141.20 3024.47 8076.96 6820.32 3863.03 8961.66 4926.48 4274.78 1792.87 3683.54 8799.66 7957.60 4107.56 8795.76 6794.77 1240.97 6222.96 6290.84 3083.15 5224.15 6814.56 7007.52 535.30 1695.71 486.28 7462.87 8777.00 2765.96 1760.50 9092.86 5566.43 5291.32 1819.41 1649.72 1955.23 8351.49 7630.32 7958.64 3918.27 7594.45 3008.33 6092.37 8903.75 6899.22 5477.54 2140.77 6713.40 
4732.61 2143.41 4057.37 6490.34 4040.74 3949.82 2570.28 4743.50 5587.12 1154.54 4687.31 0.00 4494.39 3880.13 3153.58 1915.74 3228.05 1977.12 3934.34 5225.69 3156.52 658.38 3418.75 4307.64 5006.12 2235.18 4917.90 3895.15 1237.71 3235.71 5160.54 3718.63 1242.73 5855.34 3952.94 2782.76 5860.95 3692.13 2418.04 4101.73 4394.80 6867.29 5015.90 1673.84 3446.82 4895.89 2443.66 3195.20 721.42 2941.62 2666.48 1936.11 4364.19 2851.44 4958.47 6014.26 2009.83 3746.12 4904.00 2424.97 2046.61 6282.99 3926.53 6276.67 5536.29 1738.15 1674.51 5033.15 4101.50 3567.04 3186.13 5175.50 1348.95 4881.28 4299.32 4267.94 5361.61 940.01 5736.65 4489.00 804.50 4072.76 1056.32 4124.42 3562.94 3816.41 5233.89 2768.83 3576.93 3661.10 4790.17 7193.78 2704.93 2413.38 3342.37 5163.17 5934.23 4376.09 2834.74 4117.76 2419.57 4261.73 4638.59 1219.51 3772.23 3365.20 5733.60 5211.87 4098.25 3365.31 5734.87 4663.52 3534.15 5809.94 1670.03 5730.21 2846.10 3804.14 2709.78 3072.97 
6822.08 6613.47 470.04 10972.35 5049.10 8370.98 5231.57 8270.56 1216.17 3476.28 5577.84 4494.39 0.00 7229.44 2651.16 3420.29 7238.38 3413.14 3250.03 7574.24 2023.83 4037.20 4994.69 8511.49 8711.45 2468.45 7125.36 6747.89 3736.51 6313.43 5578.56 5781.04 5683.25 10288.34 6421.01 7198.23 10296.30 7604.61 4010.03 421.32 2492.26 8590.40 5432.02 6164.46 5862.54 9263.13 4965.89 3768.07 5157.23 7416.48 4474.47 4622.52 5659.56 6610.13 9436.49 10481.40 3228.54 1262.23 743.65 2441.43 6506.85 7479.54 6996.94 8426.87 10003.16 6048.85 5794.47 5532.19 5698.83 7951.19 3090.70 5967.51 5818.18 8804.16 7368.16 8578.09 1243.83 4758.17 10166.18 773.96 5045.54 3811.89 4631.21 7115.73 7481.98 7580.91 9587.41 7109.25 4521.46 8127.10 740.02 8651.59 1903.96 4342.29 3231.39 6076.46 7272.95 5673.59 5329.25 6407.24 3374.12 3895.40 8307.14 3952.15 733.70 5748.88 7218.00 7271.30 8112.58 7462.65 10214.79 2007.53 7771.92 8257.06 5915.44 10170.48 7163.98 8093.47 3993.42 3100.02 
8229.03 3004.61 6763.67 6080.29 7881.00 3039.70 2004.15 1045.47 8445.34 4858.26 3322.65 3880.13 7229.44 0.00 4729.42 3829.99 5546.39 3828.63 4727.00 8533.76 5248.80 3778.41 7226.92 5814.67 1540.75 5726.02 8337.92 834.26 5085.30 926.07 9010.93 1987.60 3861.47 6030.34 1391.76 2667.57 4386.86 5988.32 6297.36 6955.72 5690.05 3637.91 8871.37 3526.00 1638.43 3279.12 2268.71 7068.19 3322.01 3123.12 2832.87 5732.56 8136.43 5672.75 4995.61 4774.32 4017.23 7005.04 7288.33 4804.79 2941.57 3691.87 7034.53 2828.75 4406.45 2520.46 2309.36 3805.77 7833.66 4788.51 6985.92 8979.37 3727.11 1847.83 567.68 5478.59 8386.31 3004.02 5962.93 6835.43 3092.33 4371.08 2993.27 7242.97 5895.75 823.90 5972.44 4572.41 3289.93 3264.26 7789.00 4110.67 5986.18 6271.34 7161.32 3424.62 3342.56 2840.51 6498.14 7623.14 3870.90 4471.99 6988.42 5096.88 6660.27 1722.83 3082.67 2198.91 6083.72 5469.83 4712.55 6268.79 5251.87 2224.58 4425.39 5887.48 4676.49 2324.14 3337.02 6875.10 
7197.33 4894.22 2226.22 9358.43 5832.08 6433.66 2737.43 5773.67 3841.58 2759.69 3012.81 3153.58 2651.16 4729.42 0.00 1305.19 6372.86 1256.24 970.36 7845.22 665.45 2502.40 5460.73 7451.78 6256.44 2557.28 7453.15 4162.27 3203.89 3803.45 6731.46 3138.92 4360.50 8847.76 3794.77 5320.97 8316.62 6827.77 4234.87 2493.76 1254.74 5987.84 6570.84 4670.04 3253.76 7207.67 2480.38 4528.55 3565.84 5654.69 1900.37 4382.57 6365.76 5932.85 7873.12 8575.36 1162.63 2943.49 2574.94 952.50 4771.87 4939.55 6801.95 5782.23 8108.91 4163.02 3800.96 3064.55 6247.02 6653.28 4023.91 6967.27 4428.49 6435.72 4795.88 7382.97 3887.29 2889.08 8735.88 2130.15 3311.79 1411.63 2698.33 6976.50 6698.07 5201.77 8312.93 5895.15 1880.50 6299.39 3326.64 6092.60 2329.19 4470.24 4230.25 3536.56 4698.90 3047.93 5331.40 6639.25 940.51 1567.05 7738.20 3415.91 2283.90 3142.17 4618.93 4622.37 7249.12 6518.24 8361.89 1654.77 6678.29 5606.38 4823.21 8713.69 5979.06 6004.54 1397.80 3955.94 
6326.77 3593.51 2950.93 8061.34 5206.54 5177.02 1865.91 4863.70 4631.68 1857.79 3170.19 1915.74 3420.29 3829.99 1305.19 0.00 5141.34 63.37 2018.64 6913.56 1549.75 1258.04 4721.63 6175.00 5293.23 2188.28 6555.11 3435.23 2293.93 2930.48 6223.25 2690.32 3081.71 7542.65 3214.71 4043.79 7080.08 5607.52 3512.67 3128.72 2558.11 5852.92 6064.72 3368.55 2631.24 5990.51 1605.80 4018.04 2265.99 4361.68 1303.54 3439.61 5671.83 4755.60 6570.52 7320.60 192.57 3219.63 3577.90 979.86 3471.80 5002.92 5741.07 5463.09 6849.79 2877.50 2535.48 3409.89 5491.36 5355.89 3673.18 6374.26 3139.08 5388.57 4024.34 6091.18 4556.91 1587.00 7430.70 3123.51 2006.62 2188.02 1401.09 5928.36 5478.43 4161.93 7012.29 4611.03 1938.41 5019.15 3959.20 6067.58 2269.44 3675.41 3877.57 3696.66 4696.79 3000.02 4408.96 5735.77 512.94 2377.36 6550.88 2466.23 2830.39 2518.86 4551.15 4297.07 6005.60 5269.01 7094.90 2933.47 5403.00 5153.51 3576.81 7408.71 4697.90 4792.99 1029.83 3579.46 
3253.34 2543.67 6872.05 4310.06 4033.23 3456.80 5261.90 5934.57 8124.94 3848.00 7592.89 3228.05 7238.38 5546.39 6372.86 5141.34 0.00 5202.00 7159.31 3257.40 6304.97 3886.23 3411.35 1325.67 5884.17 4770.34 3224.70 6001.76 3515.68 5388.60 4979.89 6359.35 2130.70 3401.60 6309.13 2974.14 4731.03 484.57 3531.15 6817.72 7600.74 9124.45 4907.75 2139.28 5977.88 4326.03 5254.44 4255.75 3012.33 2613.87 5683.18 2718.29 3879.43 728.55 2943.20 4635.23 5237.58 6173.83 7796.23 5579.09 2616.11 8869.05 1770.72 8360.25 4248.89 3174.22 3551.35 8004.57 3510.53 1353.94 4736.56 4682.07 2145.73 5445.89 6105.47 1550.50 7783.05 3795.68 3277.25 7435.39 3350.68 7266.52 3996.46 1946.93 366.20 4995.50 2537.32 997.30 6635.65 2990.77 7303.77 9553.76 5335.77 3223.11 4758.10 7997.18 8502.19 7196.62 2504.11 2793.20 5639.48 7453.61 1504.14 3292.94 6512.28 5938.38 8263.28 7529.98 888.75 287.72 4278.06 7816.07 775.39 7769.43 1568.50 3324.72 903.34 3910.49 5846.52 4651.05 
6388.30 3639.30 2944.38 8105.94 5262.07 5212.66 1855.68 4864.53 4626.09 1917.09 3116.99 1977.12 3413.14 3828.63 1256.24 63.37 5202.00 0.00 1957.55 6976.05 1522.71 1319.73 4779.91 6232.32 5298.52 2228.72 6617.11 3421.18 2354.27 2925.13 6275.90 2658.16 3139.36 7591.84 3191.31 4082.93 7113.09 5668.61 3569.57 3127.51 2507.41 5813.31 6117.22 3421.60 2608.21 6020.66 1593.79 4068.98 2319.95 4404.77 1268.23 3501.55 5729.43 4818.07 6617.39 7356.34 189.65 3236.22 3557.85 976.57 3517.28 4955.39 5804.43 5430.78 6886.16 2918.18 2571.49 3352.66 5550.38 5409.99 3717.87 6429.46 3195.20 5400.86 4014.38 6146.42 4557.72 1633.26 7480.20 3102.87 2056.83 2124.66 1444.79 5991.71 5539.55 4172.46 7065.32 4667.65 1883.30 5059.16 3960.70 6024.05 2296.53 3734.39 3922.71 3644.43 4651.08 2952.53 4470.92 5797.72 449.64 2314.00 6612.93 2527.67 2832.25 2495.38 4507.55 4263.44 6065.53 5328.69 7132.64 2890.78 5460.56 5127.13 3636.99 7457.62 4754.88 4821.97 977.89 3624.93 
8150.60 5448.63 2894.04 9857.53 6802.44 6831.88 2863.83 5743.86 4352.29 3685.72 2349.37 3934.34 3250.03 4727.00 970.36 2018.64 7159.31 1957.55 0.00 8787.55 1526.99 3276.36 6426.60 8169.55 6266.19 3526.55 8401.91 4039.84 4133.72 3828.31 7696.82 2886.74 5083.18 9421.89 3580.70 5784.29 8653.31 7626.14 5199.42 3194.43 997.11 5367.03 7536.27 5322.99 3121.05 7520.01 2646.93 5497.43 4238.42 6163.07 1996.51 5313.20 7335.06 6767.93 8415.02 8948.21 1937.88 3784.43 2962.95 1919.04 5324.25 4231.50 7702.47 5284.10 8495.41 4671.93 4272.37 2282.80 7212.69 7314.71 4983.35 7936.85 5127.22 6530.85 4677.31 8062.53 4486.72 3494.64 9315.34 2578.35 3944.54 562.47 3290.34 7882.42 7497.06 5320.93 8952.47 6600.40 1492.67 6757.79 3976.31 5405.72 3274.93 5428.17 5188.70 2832.34 4036.28 2518.13 6270.63 7585.63 1522.45 658.44 8566.75 4338.28 3049.05 3022.23 3998.91 4170.84 8020.76 7282.96 8765.49 1624.47 7400.61 5206.67 5593.38 9283.68 6690.83 6325.18 1553.11 4918.17 
768.82 5591.78 7371.95 6990.20 2643.87 6714.18 7748.10 9066.97 8039.90 5105.47 9909.40 5225.69 7574.24 8533.76 7845.22 6913.56 3257.40 6976.05 8787.55 0.00 7508.12 5777.58 2580.36 3992.94 9075.73 5467.04 456.69 8836.76 4656.67 8179.51 2856.18 8903.74 4703.14 6000.40 9029.81 6141.64 7868.04 3003.66 3691.81 7185.80 8882.96 11945.17 2890.38 5010.43 8588.04 7570.70 7652.42 3810.76 5432.24 5832.42 7883.79 3481.51 2069.00 2892.33 5927.17 7703.13 6924.82 6316.54 8284.57 6901.73 5629.32 11478.55 1523.90 11257.40 7371.81 6021.59 6301.62 10238.91 1910.08 4550.66 4489.37 2364.23 4819.28 8671.25 9064.95 4417.50 7597.03 6103.47 5895.75 8064.55 5758.70 9075.87 6259.73 1325.27 3022.03 8097.12 5094.76 4216.17 8764.54 6248.08 7315.41 12320.14 5943.39 3406.83 4368.63 10388.84 11122.44 9600.82 2517.37 1212.11 7415.99 9262.55 2515.62 4460.66 6971.17 8520.76 10908.62 10296.33 3314.08 3471.30 7345.30 8867.43 3921.56 10710.51 4113.33 5981.80 4136.05 7145.62 7863.36 4474.53 
6830.32 5080.16 1582.01 9545.50 5363.69 6716.26 3244.65 6293.87 3231.12 2528.09 3677.45 3156.52 2023.83 5248.80 665.45 1549.75 6304.97 1522.71 1526.99 7508.12 0.00 2546.16 5047.36 7453.25 6756.08 2088.26 7099.38 4732.91 2947.95 4325.50 6209.88 3759.12 4396.91 8976.39 4397.31 5571.14 8625.29 6740.78 3838.89 1837.59 1377.14 6652.01 6049.85 4771.94 3840.83 7539.64 2980.36 4035.93 3676.43 5865.80 2457.24 4101.28 5920.18 5804.96 8035.11 8858.50 1363.87 2287.40 2050.76 732.18 4961.75 5603.79 6561.36 6434.47 8385.68 4400.84 4076.52 3717.49 5830.96 6719.15 3486.46 6474.65 4489.22 6894.53 5358.38 7424.43 3247.18 3090.08 8860.59 1595.03 3469.99 2031.91 2920.95 6724.60 6611.40 5661.04 8386.35 5925.08 2539.72 6540.57 2676.68 6757.92 1765.46 4103.79 3688.99 4199.82 5364.33 3710.33 5017.27 6296.24 1378.18 2169.62 7604.78 3173.01 1619.08 3727.45 5283.75 5270.55 7191.55 6475.21 8625.21 1512.82 6681.51 6241.84 4795.63 8846.66 6001.09 6342.68 1970.78 3428.61 
5242.07 2590.34 3583.15 7024.86 4362.25 4334.36 2190.05 4722.07 5179.30 1086.82 4142.77 658.38 4037.20 3778.41 2502.40 1258.04 3886.23 1319.73 3276.36 5777.58 2546.16 0.00 3789.85 4950.48 5048.97 2000.32 5446.80 3654.26 1387.84 3022.67 5452.80 3295.87 1864.11 6432.26 3624.34 3161.12 6259.48 4350.46 2671.71 3665.47 3749.07 6493.04 5301.17 2227.61 3078.55 5239.11 2014.19 3356.89 1145.00 3391.53 2117.55 2371.07 4748.89 3501.27 5503.73 6446.76 1352.62 3433.80 4383.48 1821.79 2479.20 5821.32 4532.30 5961.82 5968.80 2020.40 1817.40 4461.44 4518.59 4177.82 3212.10 5522.57 1946.00 5002.47 4131.01 4893.93 4996.49 809.76 6315.87 3953.36 1009.76 3425.46 785.16 4725.63 4221.24 3856.06 5844.23 3399.39 2988.10 4095.09 4408.58 6786.12 2374.34 2744.31 3392.60 4637.22 5483.01 3867.46 3320.95 4634.56 1764.19 3614.77 5293.60 1476.64 3336.74 2984.65 5297.46 4852.55 4754.97 4020.73 6186.33 4041.19 4176.83 5540.96 2325.81 6303.50 3480.86 4091.21 2096.60 3102.35 
1837.28 4705.07 4794.23 7721.41 690.72 6328.17 5958.70 7988.40 5510.50 2866.33 7866.76 3418.75 4994.69 7226.92 5460.73 4721.63 3411.35 4779.91 6426.60 2580.36 5047.36 3789.85 0.00 4678.58 8151.06 2964.48 2134.68 7309.85 2446.31 6647.17 1810.51 7083.56 3512.34 6803.76 7366.52 5391.68 7951.74 3529.29 1228.55 4605.44 6405.19 10268.68 1687.23 4023.74 6845.26 7305.59 5799.83 1242.38 3904.98 5265.73 5870.74 1496.50 959.81 2693.57 6324.11 7928.45 4688.27 3738.96 5704.32 4508.50 4684.28 9606.31 2276.70 9694.78 7501.18 4795.67 4924.14 8130.42 786.32 4673.57 1917.45 1758.60 3684.52 7891.56 7684.49 4958.58 5082.47 4358.10 6680.51 5490.22 4153.96 6781.64 4456.66 2323.08 3449.60 7014.92 5917.12 3955.69 6652.93 5893.91 4760.60 10573.79 3399.17 1052.91 1814.20 8380.53 9271.08 7633.44 933.13 1427.62 5188.52 6961.49 3812.51 2316.78 4393.66 6757.29 9087.27 8618.14 4053.50 3698.93 7580.75 6337.73 4175.06 9226.20 3140.00 6732.24 3934.12 6512.46 5736.89 1896.52 
4201.72 3001.66 8130.52 3098.02 5266.58 3155.11 5966.87 5974.54 9428.22 5073.38 8303.92 4307.64 8511.49 5814.67 7451.78 6175.00 1325.67 6232.32 8169.55 3992.94 7453.25 4950.48 4678.58 0.00 5800.76 6044.86 4092.90 6409.51 4775.52 5864.99 6137.55 6977.02 3093.62 2140.70 6801.88 3150.05 3913.15 1159.65 4856.82 8092.45 8699.44 9452.56 6082.32 2879.35 6566.88 3812.66 6011.62 5575.22 3933.17 2691.72 6521.59 4040.48 5040.10 2045.03 1937.80 3718.34 6294.10 7476.49 9043.86 6721.35 3110.55 9368.36 2722.47 8633.34 3414.09 3774.86 4195.76 8747.15 4678.09 1027.79 6062.23 5789.33 3042.35 5277.38 6381.80 449.28 9094.62 4697.26 2020.76 8667.72 4241.43 8211.89 4903.68 2836.66 1229.48 5131.66 1239.38 1570.23 7469.99 2738.12 8605.77 9919.94 6607.80 4548.14 6082.59 8655.39 9002.36 7870.79 3796.85 3856.56 6650.48 8394.08 1555.87 4559.56 7781.00 6548.28 8751.32 7943.79 691.54 1064.15 3362.61 8964.88 773.70 8011.74 2660.06 2084.96 1478.73 3781.39 6759.27 5976.65 
8890.08 3525.42 8242.89 5267.96 8831.33 2667.29 3520.35 560.51 9924.53 6087.78 4715.87 5006.12 8711.45 1540.75 6256.44 5293.23 5884.17 5298.52 6266.19 9075.73 6756.08 5048.97 8151.06 5800.76 0.00 7044.19 8949.89 2277.66 6243.53 2458.75 9960.88 3475.35 4646.11 5456.27 2816.41 2934.10 3346.57 6261.35 7363.84 8419.65 7230.80 4152.61 9832.68 4178.03 3161.12 2415.45 3781.05 8179.70 4346.21 3271.16 4366.33 6694.07 9002.39 6187.54 4513.10 3778.87 5484.12 8402.10 8803.01 6273.07 3515.18 4624.00 7551.83 3273.45 3517.43 3368.70 3332.75 5182.63 8670.91 4834.88 8188.24 9863.10 4480.38 603.92 1692.22 5396.35 9841.63 4241.16 5417.46 8348.51 4203.19 5899.42 4281.24 7752.12 6194.11 1194.85 5631.74 4889.61 4818.21 3062.82 9242.58 4679.69 7360.39 7282.05 8348.00 4717.74 4325.11 4251.73 7332.39 8312.56 5379.02 5993.38 7183.88 6212.76 8115.19 3252.18 4077.42 3175.57 6223.57 5736.94 3820.02 7808.43 5404.98 2650.96 5109.32 5323.35 4980.93 2022.87 4869.82 8075.34 
4767.60 4369.08 2110.76 8585.49 3282.21 6183.14 3927.92 6700.24 3431.69 1095.35 5291.91 2235.18 2468.45 5726.02 2557.28 2188.28 4770.34 2228.72 3526.55 5467.04 2088.26 2000.32 2964.48 6044.86 7044.19 0.00 5045.72 5489.75 1275.43 4905.55 4179.93 4867.03 3311.79 7861.26 5346.94 5017.85 8088.11 5142.20 1775.81 2048.34 3440.71 8041.20 4019.26 3835.08 4766.67 7130.89 3691.95 1971.34 2952.59 5159.12 3489.83 2207.21 3832.44 4150.81 7050.05 8226.05 2072.94 1523.22 3046.37 1629.67 4277.01 7168.88 4656.72 7635.86 7749.53 3947.73 3801.35 5463.79 3745.70 5516.24 1509.48 4410.34 3464.35 7001.90 6025.65 6121.94 3160.21 2809.96 7737.78 2723.70 2946.52 3942.03 2763.67 4798.71 5018.49 5853.25 7135.69 4669.37 4051.98 5881.22 2613.86 8250.70 565.76 2067.65 1717.32 5826.16 6872.57 5169.33 3030.33 4256.95 2527.65 4110.23 5878.71 1485.68 1742.47 4658.13 6734.35 6475.71 5646.39 4994.37 7935.32 3401.50 5310.03 7295.33 3474.43 7747.88 4718.38 6027.05 3187.13 1426.80 
312.32 5439.32 6928.78 7144.33 2188.32 6663.80 7463.99 8914.08 7583.51 4728.94 9587.76 4917.90 7125.36 8337.92 7453.15 6555.11 3224.70 6617.11 8401.91 456.69 7099.38 5446.80 2134.68 4092.90 8949.89 5045.72 0.00 8604.06 4280.68 7942.40 2458.18 8619.52 4483.66 6158.16 8773.96 6020.61 7912.22 3033.78 3270.12 6738.98 8471.77 11696.19 2479.79 4830.82 8316.21 7550.22 7356.84 3359.51 5171.53 5738.84 7561.14 3115.59 1619.19 2770.25 6008.42 7771.41 6558.44 5866.46 7838.23 6505.93 5467.57 11192.33 1453.98 11027.38 7420.04 5818.13 6076.10 9905.58 1453.46 4556.37 4038.16 1981.60 4611.37 8568.41 8859.09 4499.64 7140.40 5815.10 6048.82 7623.65 5489.65 8704.21 5963.26 1287.24 3032.62 7937.58 5244.11 4142.41 8427.06 6197.69 6860.53 12059.11 5512.71 2995.68 3914.95 10074.77 10839.29 9292.31 2146.25 819.62 7052.99 8889.85 2694.12 4092.27 6528.14 8244.99 10630.48 10042.51 3403.08 3462.75 7412.39 8442.78 3934.52 10492.91 3913.75 6129.45 4070.47 7056.34 7520.30 4025.35 
8468.01 3477.05 6290.90 6881.49 7935.69 3803.21 1575.18 1729.73 7961.19 4737.40 2491.20 3895.15 6747.89 834.26 4162.27 3435.23 6001.76 3421.18 4039.84 8836.76 4732.91 3654.26 7309.85 6409.51 2277.66 5489.75 8604.06 0.00 5026.18 666.36 9052.80 1198.15 4134.43 6786.51 558.95 3273.14 5218.40 6463.67 6288.54 6507.89 5024.03 3129.96 8906.45 3896.32 922.65 4104.67 1830.18 7008.74 3455.62 3742.69 2275.68 5817.55 8247.00 6037.67 5742.11 5602.12 3610.03 6654.42 6737.21 4376.98 3392.31 2974.89 7371.23 2423.39 5226.49 2850.16 2535.99 2973.03 7967.49 5382.94 6847.21 9068.14 4026.70 2657.44 639.61 6103.49 7941.81 2962.50 6713.24 6291.09 3168.48 3640.22 2894.92 7580.73 6361.55 1642.69 6670.31 5063.94 2563.83 3981.96 7351.19 3552.18 5678.30 6307.20 7034.54 2594.33 2613.59 2011.20 6655.72 7853.33 3376.28 3725.29 7481.04 5075.17 6229.95 1028.37 2356.99 1537.99 6614.34 5958.92 5531.29 5624.49 5794.08 1916.84 4734.71 6642.68 5170.38 3102.57 2768.80 6739.97 
4042.20 3234.43 3358.09 7329.12 2986.09 5054.87 3577.57 5973.40 4700.05 448.81 5421.19 1237.71 3736.51 5085.30 3203.89 2293.93 3515.68 2354.27 4133.72 4656.67 2947.95 1387.84 2446.31 4775.52 6243.53 1275.43 4280.68 5026.18 0.00 4382.72 4066.82 4672.31 2094.24 6590.41 5011.88 3916.60 6928.32 3906.55 1286.44 3318.28 4316.16 7875.90 3914.47 2643.01 4465.73 6026.49 3395.87 1987.57 1929.48 3998.07 3426.46 1179.78 3404.46 2928.11 5796.38 7038.23 2282.24 2766.98 4280.57 2279.44 3156.93 7169.19 3615.89 7349.45 6565.35 2952.65 2912.21 5693.10 3204.51 4244.41 1950.01 4151.99 2259.36 6114.53 5475.95 4846.67 4409.55 2086.12 6466.60 3924.64 2040.58 4423.55 2131.80 3783.26 3780.40 5052.96 5860.27 3396.67 4212.73 4717.97 3879.10 8159.20 1834.03 1393.57 2104.66 5934.23 6838.45 5189.27 2139.48 3461.59 2780.25 4609.20 4699.44 229.65 3005.49 4370.86 6661.46 6238.97 4398.59 3730.80 6735.36 4417.08 4036.24 6922.95 2202.95 6478.50 3444.06 4984.74 3296.48 1836.77 
7804.03 2890.84 5849.13 6574.73 7276.30 3455.85 1082.34 1971.15 7529.60 4109.14 2680.59 3235.71 6313.43 926.07 3803.45 2930.48 5388.60 2925.13 3828.31 8179.51 4325.50 3022.67 6647.17 5864.99 2458.75 4905.55 7942.40 666.36 4382.72 0.00 8395.68 1268.07 3479.99 6396.18 937.01 2771.07 5041.47 5856.66 5637.17 6047.45 4779.72 3772.38 8250.21 3266.03 851.11 3902.95 1347.88 6368.78 2789.50 3241.32 1908.27 5153.78 7582.60 5396.23 5344.89 5395.93 3114.58 6130.45 6362.93 3898.51 2797.53 3507.46 6721.09 3086.85 4987.88 2219.44 1884.33 3166.32 7301.83 4844.37 6229.05 8405.69 3377.69 2704.32 1120.12 5581.60 7480.24 2307.93 6314.79 5910.35 2502.58 3502.25 2251.75 6930.54 5751.09 1518.09 6208.91 4470.55 2428.90 3569.11 6884.33 4175.66 5128.87 5648.93 6412.91 2902.00 3140.54 2197.49 5989.37 7188.97 2948.40 3616.42 6878.14 4424.18 5756.57 900.95 2892.80 2145.22 6031.88 5359.67 5285.16 5351.17 5221.48 2581.81 4084.76 6251.73 4577.39 2797.96 2412.20 6120.50 
2191.20 6510.35 5524.39 9233.65 1132.38 8097.81 7642.61 9791.94 5714.52 4432.96 9392.83 5160.54 5578.56 9010.93 6731.46 6223.25 4979.89 6275.90 7696.82 2856.18 6209.88 5452.80 1810.51 6137.55 9960.88 4179.93 2458.18 9052.80 4066.82 8395.68 0.00 8736.66 5322.65 8275.85 9071.90 7192.46 9652.42 4982.97 2781.11 5264.01 7480.04 11942.33 160.68 5829.99 8531.29 9065.86 7462.55 2218.65 5691.92 7047.95 7454.87 3283.64 1101.53 4309.50 7922.59 9595.66 6154.22 4362.19 6322.22 5809.34 6492.16 11204.35 3454.55 11408.77 9187.02 6602.13 6717.23 9607.26 1469.58 6308.91 2724.66 509.15 5494.35 9701.05 9454.09 6477.97 5246.62 6090.37 8157.28 6229.54 5923.69 8121.96 6168.93 3395.13 4931.73 8820.87 7363.91 5659.66 8156.32 7654.41 5121.43 12218.80 4447.39 2747.34 2525.26 9919.89 10882.58 9207.81 2683.92 2310.17 6642.93 8289.73 4970.58 3986.93 5150.57 8437.26 10714.31 10305.29 5462.92 5262.81 9241.67 7276.29 5755.03 10963.85 4934.56 8222.46 5624.32 8310.59 7253.08 2781.69 
8445.43 3975.35 5340.42 7840.85 7656.17 4719.78 1155.86 2927.65 6979.49 4309.44 1414.12 3718.63 5781.04 1987.60 3138.92 2690.32 6359.35 2658.16 2886.74 8903.74 3759.12 3295.87 7083.56 6977.02 3475.35 4867.03 8619.52 1198.15 4672.31 1268.07 8736.66 0.00 4307.63 7640.78 694.95 3968.47 6295.28 6839.91 5958.55 5584.21 3881.21 3208.98 8582.90 4222.95 427.31 5160.79 1284.08 6588.41 3488.52 4432.09 1392.75 5637.00 8041.43 6257.94 6589.08 6656.98 2833.71 5849.68 5692.97 3531.02 3867.51 2574.82 7515.21 2772.79 6253.55 3218.70 2815.70 1898.83 7800.53 5973.85 6320.95 8818.17 4244.86 3834.65 1816.53 6726.93 7005.31 2804.46 7555.98 5258.46 3152.16 2456.68 2663.07 7721.99 6725.54 2731.56 7411.61 5506.60 1394.93 4813.86 6428.61 3490.41 4951.84 6040.09 6520.44 1683.33 2219.80 934.67 6553.26 7828.94 2485.67 2533.10 7863.29 4772.50 5332.10 428.75 2014.98 1608.68 7073.87 6369.36 6551.79 4496.71 6291.45 2495.57 4924.89 7496.36 5612.73 4066.02 1810.06 6221.17 
4367.89 1227.40 5259.43 5290.35 4198.00 3004.92 3177.05 4517.59 6732.32 2226.51 5484.87 1242.73 5683.25 3861.47 4360.50 3081.71 2130.70 3139.36 5083.18 4703.14 4396.91 1864.11 3512.34 3093.62 4646.11 3311.79 4483.66 4134.43 2094.24 3479.99 5322.65 4307.63 0.00 4622.76 4351.58 1930.63 4844.43 2613.68 2871.80 5279.88 5610.96 7251.08 5198.63 565.82 3952.59 3990.63 3145.43 3720.70 881.64 1928.23 3553.20 2099.90 4357.32 1950.46 3753.92 4944.69 3201.09 4832.88 6126.71 3666.15 1186.15 6862.60 3243.38 6554.27 4472.71 1343.38 1598.62 5885.75 4030.30 2324.31 3917.69 5217.26 180.74 4380.37 4376.12 3030.47 6472.00 1665.15 4502.88 5719.14 1221.09 5155.32 1866.74 3452.62 2489.63 3536.09 3991.21 1535.49 4505.20 2639.64 5920.46 7640.88 3833.37 2718.25 4029.08 5907.71 6499.18 5105.45 2689.05 3761.79 3561.54 5340.86 3616.25 1946.95 4953.03 3899.27 6271.87 5610.60 2955.29 2215.62 4641.18 5900.64 2321.29 6010.88 617.48 4500.05 1618.57 3049.22 3722.28 3807.96 
6295.48 3973.67 9874.20 990.07 7403.29 2990.66 6836.50 5811.55 11290.46 6812.53 9048.09 5855.34 10288.34 6030.34 8847.76 7542.65 3401.60 7591.84 9421.89 6000.40 8976.39 6432.26 6803.76 2140.70 5456.27 7861.26 6158.16 6786.51 6590.41 6396.18 8275.85 7640.78 4622.76 0.00 7281.38 3714.99 2530.70 3300.03 6878.59 9878.50 10098.48 9523.96 8222.29 4204.77 7213.48 3060.37 6957.32 7639.92 5302.06 3285.98 7559.79 6035.23 7179.72 4129.44 1051.74 2162.53 7694.01 9352.33 10749.11 8254.05 4097.97 9722.06 4843.23 8652.54 2112.56 4754.74 5166.34 9525.33 6818.40 2346.29 8080.00 7919.28 4506.40 4857.07 6555.34 1852.02 10991.84 5962.28 125.68 10341.49 5536.51 9350.37 6158.72 4940.59 3364.48 5223.75 917.08 3194.63 8452.68 2827.72 10469.37 10035.11 8408.04 6588.33 8120.47 9298.18 9372.42 8574.91 5905.10 5985.58 7959.46 9518.08 3484.79 6394.71 9555.21 7228.69 9112.60 8225.80 2814.09 3116.77 1890.51 10455.75 2669.64 8014.57 4387.53 144.46 3153.30 3708.73 7902.98 7987.16 
8620.72 3825.51 5973.10 7407.59 7969.38 4310.96 1441.79 2261.42 7626.66 4685.64 1932.25 3952.94 6421.01 1391.76 3794.77 3214.71 6309.13 3191.31 3580.70 9029.81 4397.31 3624.34 7366.52 6801.88 2816.41 5346.94 8773.96 558.95 5011.88 937.01 9071.90 694.95 4351.58 7281.38 0.00 3698.66 5770.32 6780.45 6292.61 6206.35 4574.22 2925.16 8921.71 4177.16 583.58 4651.52 1658.32 6972.34 3602.44 4169.59 1965.19 5889.04 8316.05 6287.75 6232.79 6150.12 3375.48 6420.37 6361.21 4111.80 3730.26 2571.68 7593.72 2337.61 5768.10 3135.04 2775.27 2414.29 8053.58 5780.75 6758.29 9118.47 4262.31 3213.62 1135.28 6516.16 7634.88 3013.59 7204.31 5922.23 3288.37 3150.02 2910.43 7802.70 6672.96 2190.73 7127.19 5401.61 2089.61 4462.25 7051.75 3291.40 5482.98 6340.95 6952.28 2050.26 2204.53 1452.78 6766.78 8003.58 3079.58 3222.20 7803.39 5085.37 5942.79 695.94 1958.68 1268.81 6965.17 6287.70 6071.67 5187.36 6157.03 1948.44 4964.36 7137.14 5508.49 3622.23 2428.73 6654.39 
5970.45 703.42 6742.78 4073.94 6082.11 1174.29 3121.66 2960.50 8333.95 3931.11 5359.87 2782.76 7198.23 2667.57 5320.97 4043.79 2974.14 4082.93 5784.29 6141.64 5571.14 3161.12 5391.68 3150.05 2934.10 5017.85 6020.61 3273.14 3916.60 2771.07 7192.46 3968.47 1930.63 3714.99 3698.66 0.00 3098.54 3381.63 4801.30 6825.14 6542.59 6304.31 7076.53 1378.87 3543.46 2115.37 3248.78 5649.53 2069.92 471.01 3864.85 4025.00 6179.47 3254.44 2673.26 3295.22 4218.20 6526.46 7519.07 4895.01 762.23 6245.07 4617.74 5493.12 2819.29 1170.49 1522.79 5830.64 5832.61 2122.62 5816.07 7042.35 1749.98 2557.23 3235.22 2830.81 8130.85 2484.17 3621.03 7078.29 2153.15 5666.17 2650.46 4818.24 3302.00 2033.59 3444.25 1977.21 4741.14 979.04 7551.23 6769.89 5478.37 4646.64 5938.77 5646.79 5881.42 4895.92 4516.08 5404.22 4392.68 5828.12 4354.79 3808.51 6495.89 3546.63 5626.89 4800.67 3428.62 2855.74 3054.08 6970.73 2594.52 4878.44 2259.92 3571.86 2074.52 1123.18 4239.77 5704.54 
7971.16 3719.30 9839.82 2017.94 8624.75 1925.37 5813.51 3823.73 11431.09 6994.06 7685.57 5860.95 10296.30 4386.86 8316.62 7080.08 4731.03 7113.09 8653.31 7868.04 8625.29 6259.48 7951.74 3913.15 3346.57 8088.11 7912.22 5218.40 6928.32 5041.47 9652.42 6295.28 4844.43 2530.70 5770.32 3098.54 0.00 4879.05 7634.20 9923.63 9495.34 7495.84 9564.34 4286.60 5890.38 1142.54 6011.21 8474.87 5159.46 2932.67 6661.60 6796.10 8564.08 5350.95 2003.89 442.71 7262.39 9605.84 10603.81 7970.04 3814.38 7928.57 6472.21 6617.64 499.07 4252.88 4549.55 8172.26 8195.61 3377.10 8745.78 9391.93 4673.04 2758.89 4805.52 3469.94 11220.97 5561.87 2548.29 10159.15 5250.76 8436.97 5713.95 6625.80 4881.41 3580.30 3110.85 3999.13 7407.84 2210.95 10644.80 8024.25 8565.11 7417.41 8842.82 7811.47 7610.02 7199.53 7020.17 7523.89 7376.51 8575.90 5467.36 6790.68 9594.32 5941.82 7354.79 6443.60 4564.57 4468.37 640.63 9970.77 3983.70 5997.50 4935.84 2436.44 4029.17 2328.21 7105.59 8638.15 
3106.79 2994.01 7251.20 4250.83 4108.30 3759.42 5745.36 6337.92 8454.60 4259.20 8077.19 3692.13 7604.61 5988.32 6827.77 5607.52 484.57 5668.61 7626.14 3003.66 6740.78 4350.46 3529.29 1159.65 6261.35 5142.20 3033.78 6463.67 3906.55 5856.66 4982.97 6839.91 2613.68 3300.03 6780.45 3381.63 4879.05 0.00 3799.83 7183.31 8048.98 9581.43 4925.21 2617.75 6456.37 4577.64 5738.92 4474.11 3495.16 2994.33 6166.68 3024.44 3883.85 997.29 2991.84 4741.19 5699.43 6508.26 8181.54 6018.55 3072.49 9343.50 1607.30 8809.01 4386.32 3647.03 4029.22 8489.14 3520.53 1550.45 4996.66 4645.21 2630.29 5801.18 6550.29 1502.80 8098.71 4278.18 3179.59 7831.18 3834.21 7741.69 4478.39 1749.14 129.74 5412.96 2397.36 1416.54 7118.88 3298.36 7636.75 10015.71 5707.79 3478.03 5000.53 8480.32 8976.45 7680.01 2666.64 2717.88 6108.31 7929.13 1024.32 3680.05 6883.93 6418.13 8736.34 7995.09 536.24 526.38 4382.06 8249.06 920.48 8212.83 2043.33 3241.44 1313.72 4263.37 6325.93 4917.70 
2994.23 4097.90 3745.14 7720.56 1705.05 5859.58 4861.62 7138.24 4710.57 1672.17 6672.97 2418.04 4010.03 6297.36 4234.87 3512.67 3531.15 3569.57 5199.42 3691.81 3838.89 2671.71 1228.55 4856.82 7363.84 1775.81 3270.12 6288.54 1286.44 5637.17 2781.11 5958.55 2871.80 6878.59 6292.61 4801.30 7634.20 3799.83 0.00 3599.23 5206.27 9162.27 2629.62 3432.74 5750.24 6848.52 4682.20 849.38 3021.19 4776.90 4698.52 854.37 2162.63 2821.08 6232.67 7678.77 3470.44 2805.46 4679.43 3282.38 4048.21 8446.65 2988.64 8630.03 7222.90 4004.07 4047.41 6922.22 2013.76 4585.70 1205.82 2873.83 3052.52 7175.68 6714.52 5040.81 4328.12 3329.47 6752.92 4416.28 3208.61 5553.50 3396.30 3105.83 3690.99 6189.37 6052.79 3768.54 5449.64 5466.49 3909.29 9444.51 2260.78 336.89 1244.80 7192.37 8118.87 6459.40 1319.40 2483.06 3969.86 5733.10 4361.77 1213.37 3347.49 5656.17 7944.68 7524.18 4333.67 3799.26 7349.55 5175.64 4212.89 8193.71 2699.51 6785.67 3780.64 5915.54 4535.55 1120.38 
6437.67 6229.82 313.56 10570.14 4686.69 7999.05 4969.33 7991.93 1523.77 3066.06 5479.90 4101.73 421.32 6955.72 2493.76 3128.72 6817.72 3127.51 3194.43 7185.80 1837.59 3665.47 4605.44 8092.45 8419.65 2048.34 6738.98 6507.89 3318.28 6047.45 5264.01 5584.21 5279.88 9878.50 6206.35 6825.14 9923.63 7183.31 3599.23 0.00 2540.58 8476.24 5114.24 5767.82 5638.77 8901.20 4704.14 3388.07 4774.29 7032.48 4245.92 4202.45 5295.10 6188.81 9033.79 10101.24 2939.56 905.33 1099.65 2151.02 6125.01 7397.69 6583.91 8272.03 9622.87 5683.33 5442.29 5470.73 5321.03 7539.30 2714.24 5636.64 5417.50 8491.96 7119.67 8161.97 1434.31 4404.26 9756.06 971.83 4675.20 3749.14 4285.94 6704.92 7060.73 7275.50 9172.41 6696.18 4374.12 7745.93 845.39 8562.52 1484.66 3930.13 2864.86 5991.11 7174.37 5540.72 4917.71 6011.64 3133.80 3850.70 7887.32 3532.90 329.90 5524.57 7105.11 7107.91 7691.51 7042.71 9830.47 2137.68 7354.32 8073.66 5501.71 9761.47 6749.85 7739.33 3779.84 2716.46 
8200.08 6138.31 2227.04 10595.54 6689.35 7634.93 3773.19 6716.26 3489.40 3888.11 3284.16 4394.80 2492.26 5690.05 1254.74 2558.11 7600.74 2507.41 997.11 8882.96 1377.14 3749.07 6405.19 8699.44 7230.80 3440.71 8471.77 5024.03 4316.16 4779.72 7480.04 3881.21 5610.96 10098.48 4574.22 6542.59 9495.34 8048.98 5206.27 2540.58 0.00 6284.03 7321.64 5924.72 4102.52 8373.19 3537.57 5350.78 4820.58 6889.91 2899.39 5476.14 7259.06 7134.46 9118.32 9770.02 2417.10 3285.63 2070.00 2048.99 6015.32 5106.27 7931.93 6249.83 9308.45 5394.58 5019.80 3143.04 7185.61 7907.74 4761.96 7774.97 5681.72 7472.19 5662.86 8636.09 3684.21 4136.83 9987.20 1747.39 4564.23 1505.53 3942.83 8097.34 7919.26 6250.69 9567.66 7146.26 2488.67 7521.59 3232.22 6283.22 3051.45 5477.09 4956.83 3733.44 4942.51 3495.50 6394.41 7670.90 2151.91 1524.42 8939.15 4538.94 2483.51 4000.84 4927.76 5152.59 8481.48 7754.40 9568.35 636.08 7925.76 6193.97 6061.33 9963.84 7229.14 7171.23 2415.02 4716.64 
