0.00 4671.03 907.14 5522.11 6970.73 3186.24 3968.67 1792.20 2370.01 3525.85 1700.31 5232.52 7781.35 1587.34 6510.75 4127.99 1018.46 190.56 4522.43 3910.43 
4671.03 0.00 3862.86 4797.66 3304.49 7586.86 5729.53 5721.99 2449.56 3254.29 5798.86 4100.23 3552.58 3585.18 6498.91 4135.97 4619.75 4659.59 4742.45 5893.58 
907.14 3862.86 0.00 4767.81 6063.61 3779.41 3576.09 2567.03 1484.42 2689.39 2058.71 5040.47 6884.18 1436.11 5897.59 4070.16 916.40 831.71 4557.09 3574.00 
5522.11 4797.66 4767.81 0.00 3656.60 6559.66 2697.96 7303.69 4040.39 2177.53 5155.51 8471.21 4927.83 5867.88 1715.24 7994.85 4623.21 5357.91 8602.06 2952.40 
6970.73 3304.49 6063.61 3656.60 0.00 9186.92 5962.89 8446.09 4649.69 3854.38 7460.49 7351.57 1272.10 6414.70 5157.22 7436.83 6470.12 6881.51 8046.10 6206.01 
3186.24 7586.86 3779.41 6559.66 9186.92 0.00 3983.79 3744.43 5138.78 5336.04 1798.25 8323.53 10220.77 4761.86 6757.60 7144.52 2967.18 3107.10 7430.48 3759.64 
3968.67 5729.53 3576.09 2697.96 5962.89 3983.79 0.00 5685.37 3790.22 2510.04 2921.18 8394.32 7173.38 4992.71 2821.39 7567.06 2950.90 3778.34 8093.96 255.48 
1792.20 5721.99 2567.03 7303.69 8446.09 3744.43 5685.37 0.00 3808.54 5256.33 3000.72 4883.00 9113.90 2136.83 8294.60 3640.19 2777.74 1969.24 3800.66 5598.09 
2370.01 2449.56 1484.42 4040.39 4649.69 5138.78 3790.22 3808.54 0.00 1874.70 3349.30 4662.66 5413.15 1920.20 5477.83 4002.30 2171.86 2314.62 4593.14 3887.05 
3525.85 3254.29 2689.39 2177.53 3854.38 5336.04 2510.04 5256.33 1874.70 0.00 3640.60 6440.52 4940.16 3694.71 3622.51 5865.23 2777.60 3385.03 6462.59 2700.09 
1700.31 5798.86 2058.71 5155.51 7460.49 1798.25 2921.18 3000.72 3349.30 3640.60 0.00 6922.30 8457.03 3253.23 5717.13 5828.30 1186.59 1556.30 6215.43 2772.46 
5232.52 4100.23 5040.47 8471.21 7351.57 8323.53 8394.32 4883.00 4662.66 6440.52 6922.30 0.00 7304.49 3674.78 10052.43 1247.56 5930.83 5366.40 1351.54 8455.50 
7781.35 3552.58 6884.18 4927.83 1272.10 10220.77 7173.38 9113.90 5413.15 4940.16 8457.03 7304.49 0.00 7008.34 6418.04 7600.78 7399.79 7715.17 8180.10 7411.36 
1587.34 3585.18 1436.11 5867.88 6414.70 4761.86 4992.71 2136.83 1920.20 3694.71 3253.23 3674.78 7008.34 0.00 7163.75 2643.74 2275.49 1702.88 3120.99 5002.27 
6510.75 6498.91 5897.59 1715.24 5157.22 6757.60 2821.39 8294.60 5477.83 3622.51 5717.13 10052.43 6418.04 7163.75 0.00 9479.71 5518.70 6328.33 10069.98 3017.37 
4127.99 4135.97 4070.16 7994.85 7436.83 7144.52 7567.06 3640.19 4002.30 5865.23 5828.30 1247.56 7600.78 2643.74 9479.71 0.00 4917.07 4277.88 624.35 7599.30 
1018.46 4619.75 916.40 4623.21 6470.12 2967.18 2950.90 2777.74 2171.86 2777.60 1186.59 5930.83 7399.79 2275.49 5518.70 4917.07 0.00 828.64 5370.26 2898.14 
190.56 4659.59 831.71 5357.91 6881.51 3107.10 3778.34 1969.24 2314.62 3385.03 1556.30 5366.40 7715.17 1702.88 6328.33 4277.88 828.64 0.00 4684.22 3719.90 
4522.43 4742.45 4557.09 8602.06 8046.10 7430.48 8093.96 3800.66 4593.14 6462.59 6215.43 1351.54 8180.10 3120.99 10069.98 624.35 5370.26 4684.22 0.00 8115.07 
3910.43 5893.58 3574.00 2952.40 6206.01 3759.64 255.48 5598.09 3887.05 2700.09 2772.46 8455.50 7411.36 5002.27 3017.37 7599.30 2898.14 3719.90 8115.07 0.00 
