0.00 879.91 4532.62 8363.73 5084.46 1107.94 5375.29 5242.29 7301.12 4713.05 3870.96 6591.18 2979.27 7120.79 4910.72 5674.41 6548.72 5217.23 4406.56 6268.93 
879.91 0.00 5385.05 9242.48 5479.18 1648.22 6172.03 6069.93 7983.81 5270.64 4674.44 6813.57 3657.22 7347.22 5785.18 6552.37 7089.08 5188.81 5246.08 7045.30 
4532.62 5385.05 0.00 4325.69 6409.25 3962.58 1290.16 861.63 6142.39 3092.94 3091.91 8300.11 4010.22 8713.91 1887.31 2082.43 6623.84 8109.40 2671.52 4480.45 
8363.73 9242.48 4325.69 0.00 7702.13 8082.51 4591.50 4201.43 5216.75 7082.04 5054.80 9305.77 6448.08 9518.53 3479.44 2692.01 6736.87 10131.18 4301.50 3957.69 
5084.46 5479.18 6409.25 7702.13 0.00 5933.78 7697.79 7246.74 3561.76 8587.52 3343.30 1891.31 2614.24 2329.30 5058.08 5691.71 1936.40 2581.94 3956.72 3843.29 
1107.94 1648.22 3962.58 8082.51 5933.78 0.00 4603.77 4560.41 7745.85 3646.62 4119.66 7549.33 3564.60 8072.34 4754.27 5446.47 7220.82 6294.71 4497.69 6523.61 
5375.29 6172.03 1290.16 4591.50 7697.79 4603.77 0.00 536.54 7290.75 2496.42 4381.39 9588.92 5267.45 10004.02 3036.62 2979.09 7882.58 9341.04 3932.29 5606.71 
5242.29 6069.93 861.63 4201.43 7246.74 4560.41 536.54 0.00 6755.89 2895.55 3913.39 9135.84 4871.06 9540.97 2506.82 2447.59 7372.56 8970.91 3429.47 5071.14 
7301.12 7983.81 6142.39 5216.75 3561.76 7745.85 7290.75 6755.89 0.00 9091.34 3688.60 4548.04 4331.13 4607.50 4266.05 4411.59 1828.70 6108.56 3625.01 1688.45 
4713.05 5270.64 3092.94 7082.04 8587.52 3646.62 2496.42 2895.55 9091.34 0.00 5627.81 10421.45 5974.10 10902.01 4932.72 5167.49 9273.74 9623.27 5479.01 7481.06 
3870.96 4674.44 3091.91 5054.80 3343.30 4119.66 4381.39 3913.39 3688.60 5627.81 0.00 5227.18 1393.32 5627.58 1816.04 2567.89 3649.05 5334.55 761.93 2414.93 
6591.18 6813.57 8300.11 9305.77 1891.31 7549.33 9588.92 9135.84 4548.04 10421.45 5227.18 0.00 4458.38 533.65 6904.22 7496.65 2725.51 2264.72 5812.68 5353.19 
2979.27 3657.22 4010.22 6448.08 2614.24 3564.60 5267.45 4871.06 4331.13 5974.10 1393.32 4458.38 0.00 4930.03 3141.86 3926.18 3657.54 4115.96 2151.05 3473.28 
7120.79 7347.22 8713.91 9518.53 2329.30 8072.34 10004.02 9540.97 4607.50 10902.01 5627.58 533.65 4930.03 0.00 7259.23 7820.11 2827.10 2709.99 6180.20 5561.45 
4910.72 5785.18 1887.31 3479.44 5058.08 4754.27 3036.62 2506.82 4266.05 4932.72 1816.04 6904.22 3141.86 7259.23 0.00 806.93 4909.42 7150.20 1105.43 2594.92 
5674.41 6552.37 2082.43 2692.01 5691.71 5446.47 2979.09 2447.59 4411.59 5167.49 2567.89 7496.65 3926.18 7820.11 806.93 0.00 5320.54 7880.29 1817.79 2730.14 
6548.72 7089.08 6623.84 6736.87 1936.40 7220.82 7882.58 7372.56 1828.70 9273.74 3649.05 2725.51 3657.54 2827.10 4909.42 5320.54 0.00 4359.65 3953.09 2807.13 
5217.23 5188.81 8109.40 10131.18 2581.94 6294.71 9341.04 8970.91 6108.56 9623.27 5334.55 2264.72 4115.96 2709.99 7150.20 7880.29 4359.65 0.00 6065.01 6381.88 
4406.56 5246.08 2671.52 4301.50 3956.72 4497.69 3932.29 3429.47 3625.01 5479.01 761.93 5812.68 2151.05 6180.20 1105.43 1817.79 3953.09 6065.01 0.00 2110.82 
6268.93 7045.30 4480.45 3957.69 3843.29 6523.61 5606.71 5071.14 1688.45 7481.06 2414.93 5353.19 3473.28 5561.45 2594.92 2730.14 2807.13 6381.88 2110.82 0.00 
