0.00 4889.92 4827.38 4278.30 5494.87 5182.38 3804.16 4065.99 3552.25 8532.33 2734.09 4410.17 1556.50 2778.02 9149.89 7704.52 5786.50 8254.54 3553.71 1230.83 1754.73 1582.88 8818.83 8346.41 5521.75 2825.83 7033.13 7785.45 8634.85 8341.60 7826.91 8182.87 2787.07 8758.94 866.26 8893.14 8160.81 7490.85 5421.38 5051.77 3394.29 4406.86 5161.44 6059.00 5564.19 6884.03 6766.60 4471.41 1055.68 1774.91 3650.97 9034.66 4045.79 10049.54 7592.40 3819.66 4270.33 10019.55 2635.23 7096.36 4601.98 8130.78 8802.29 6362.62 5602.19 9445.18 5263.32 6573.70 5037.68 6498.23 4357.62 7588.70 8016.73 9600.19 4173.04 5348.64 7478.22 3850.27 8020.62 5460.92 3285.53 7982.82 4026.33 5974.34 6891.56 6635.18 8321.18 3613.18 4942.87 4387.83 2708.51 4546.84 4446.60 4229.43 2093.61 10296.41 5359.35 6141.01 7693.39 5881.09 10226.04 5272.96 4976.48 4855.99 9027.56 1994.23 8582.32 8387.32 7368.31 8842.27 6258.94 4782.66 8301.83 3902.58 3981.92 2372.06 2085.36 8641.09 7691.56 8415.45 
4889.92 0.00 2399.65 6097.49 4512.30 2121.33 5887.57 1735.66 1551.26 7157.77 2578.93 7895.67 4105.13 2211.81 5567.06 6821.76 2174.38 4054.92 7158.01 5542.59 3894.64 6155.36 4167.10 4214.14 933.36 2662.89 2172.45 2950.70 8400.26 8226.00 2938.11 6742.29 2183.76 5877.95 4586.51 5398.06 5954.23 6361.31 8840.17 7663.33 1740.44 1318.37 6747.88 8059.80 5334.28 3278.80 7109.56 5905.56 5457.54 3704.61 1252.51 4604.65 2069.04 7900.48 3520.48 3720.85 3177.20 8188.62 3242.01 7324.07 1867.87 6880.90 3941.59 1679.69 7520.73 7002.30 4814.32 1754.29 5895.55 6842.67 5834.67 5146.05 8042.52 8178.80 1652.11 4896.48 7639.44 7320.37 5350.84 1802.79 5051.59 4517.46 4730.22 4231.65 2083.91 7291.15 3527.31 1284.16 1302.31 7692.74 6388.74 2312.79 455.63 6452.76 3021.19 5498.98 8518.75 1422.51 4560.49 1684.70 9074.38 3841.56 1534.95 6979.84 4581.39 4814.27 4200.85 6863.87 2538.32 7519.98 7055.46 315.61 5751.70 6579.16 6082.47 2936.16 4382.36 6115.25 4611.74 7320.25 
4827.38 2399.65 0.00 7540.64 6633.24 4452.31 7213.57 3705.01 1806.12 9472.36 2130.60 8803.44 3446.99 2358.86 7899.69 9049.45 4572.88 6266.15 7971.75 5874.86 3202.92 6376.77 6045.46 6444.47 2006.08 3942.08 3359.20 4636.60 10550.73 10346.41 4211.98 9056.49 3128.98 8275.60 4158.65 7749.52 8334.62 8616.78 9816.14 8933.13 3184.33 1155.44 8325.77 9575.42 7337.20 5666.11 9077.85 7461.89 5733.33 3105.54 2538.36 6653.75 842.09 10293.67 5809.89 1806.73 5138.04 10565.50 2266.89 9331.63 4065.88 9171.25 5415.16 2482.92 9036.41 9400.86 6828.00 2891.56 7636.74 8796.77 7369.16 7531.60 10125.81 10517.00 997.27 6918.96 9676.45 8206.51 7748.62 1063.07 6377.87 6891.72 6382.21 6494.76 3080.10 9185.05 5243.51 2279.37 3645.28 8674.30 7113.45 4455.12 2218.97 7783.89 3804.32 7043.89 9602.28 2419.05 6957.68 4060.19 11392.48 6004.74 927.12 8388.75 6620.32 5668.84 6307.97 9191.62 4300.44 9834.95 8897.41 2085.95 8148.19 7748.98 7423.26 2461.53 3342.34 8512.79 7010.10 9598.06 
4278.30 6097.49 7540.64 0.00 2935.60 4724.41 481.31 4385.98 5743.79 5054.56 5656.36 2472.45 5483.74 5234.23 7337.05 4080.98 5315.74 7341.83 2263.97 3314.60 5562.59 3604.06 8452.48 7328.70 7024.55 3618.70 8009.75 8053.15 4549.61 4237.23 8507.29 4821.59 4412.86 6381.22 5032.20 7051.66 5377.66 4085.90 3103.16 1630.20 4489.03 6568.84 888.68 2035.33 2271.74 5809.84 2656.23 427.87 3458.55 5449.69 5150.54 8255.45 6718.94 6843.03 6722.93 7394.01 3148.05 6602.50 6070.15 2989.12 4492.63 4652.09 9016.00 7753.02 1499.03 6556.58 2396.81 7721.24 1124.09 2430.99 390.99 5180.27 3889.78 5985.36 6570.72 2415.16 3353.10 2153.62 5663.31 7612.35 1177.99 6362.17 1454.62 3749.18 8035.82 2427.39 8367.00 5352.20 5177.70 2159.58 2279.01 4082.99 5860.91 498.75 3796.55 10073.46 2650.02 7494.79 5855.85 5868.76 6399.20 3313.42 7152.94 882.40 8274.01 2312.27 7827.60 5038.34 7702.47 5276.96 2045.10 6225.27 5760.74 1008.09 359.84 5517.39 6129.55 5991.42 5806.16 4783.40 
5494.87 4512.30 6633.24 2935.60 0.00 2512.09 3109.14 2928.48 4943.22 3117.39 5394.08 5400.46 6028.31 4823.46 4408.83 2469.38 2899.38 4498.40 5064.50 5098.00 5984.13 5630.56 5710.40 4461.63 5398.38 3165.55 5903.88 5584.53 3918.89 3725.08 6190.53 2735.19 3896.50 3551.72 5923.02 4123.30 2722.39 2113.73 6012.80 4453.79 3542.03 5489.82 3060.41 4275.73 952.42 3019.70 2658.64 2529.05 5162.68 5800.76 4122.42 5409.08 5960.04 4555.29 3925.19 7206.11 1548.62 4543.00 6051.29 2836.28 2645.27 2740.79 6449.86 5923.72 3816.83 4000.71 553.92 5752.63 2036.54 2416.79 2544.80 2323.52 3530.75 4208.38 5654.58 570.11 3134.16 5023.55 2805.85 6295.79 2752.73 3430.86 1772.26 818.34 6020.51 2921.14 5777.76 4397.91 3258.79 5091.97 4762.32 2209.41 4488.54 3434.21 3841.14 7309.96 5530.73 5685.76 2920.26 3582.18 4960.85 683.30 5944.52 3622.14 5432.93 3780.85 5003.06 2927.53 5300.96 3457.35 2779.61 4757.66 2979.64 3894.38 3181.70 5462.13 6643.41 3272.39 2871.12 3105.44 
5182.38 2121.33 4452.31 4724.41 2512.09 0.00 4660.09 1169.84 3046.51 5039.04 3846.23 6922.16 5025.69 3285.48 4055.32 4713.43 654.27 3099.09 6330.95 5368.18 4886.66 5997.07 3899.39 3175.40 2939.12 2360.59 3420.26 3329.89 6319.64 6162.50 3807.73 4623.25 2591.17 4007.90 5235.66 3823.42 3897.75 4245.37 7747.56 6354.47 1977.22 3304.43 5187.89 6496.14 3417.35 1712.33 5168.33 4427.78 5349.05 4680.74 2236.52 3935.20 3937.04 5880.21 2428.78 5452.67 1581.17 6120.20 4578.37 5347.17 597.34 4759.58 4307.57 3414.13 5980.89 5028.33 2913.11 3243.10 4220.28 4919.77 4386.76 3109.31 6002.83 6069.57 3559.16 2980.99 5635.69 6409.52 3385.03 3921.27 3929.76 2892.86 3269.79 2121.80 3517.95 5408.57 3675.36 2498.75 819.52 6661.91 5724.12 719.47 2234.02 5166.79 3095.31 5502.22 7341.46 3179.60 2742.16 1150.47 6957.39 1829.30 3642.61 5575.53 3936.50 4253.10 3478.08 4749.01 2979.34 5401.52 5226.00 2409.15 3766.84 5448.24 4819.60 4072.66 5509.13 4136.72 2769.94 5199.43 
3804.16 5887.57 7213.57 481.31 3109.14 4660.09 0.00 4207.53 5429.75 5438.74 5280.48 2327.71 5037.34 4883.12 7514.99 4477.77 5275.55 7404.43 1965.95 2833.76 5124.45 3134.25 8464.46 7404.27 6805.32 3331.20 7862.59 7985.59 5016.67 4705.92 8399.65 5185.82 4097.74 6622.54 4568.04 7229.57 5662.42 4447.29 3088.63 1776.21 4229.94 6276.58 1357.29 2403.26 2559.61 5862.61 3120.36 801.77 2977.27 5018.38 4881.04 8314.62 6383.65 7203.05 6769.25 6990.42 3080.65 6989.43 5663.88 3454.35 4372.61 5032.41 8967.33 7557.96 1885.79 6870.74 2598.08 7551.25 1510.00 2886.31 709.81 5405.98 4360.44 6395.63 6257.09 2632.29 3822.16 1914.92 5890.67 7338.82 847.38 6499.72 1447.06 3903.82 7871.02 2904.81 8329.46 5067.20 5045.68 2037.89 1852.68 3987.00 5623.35 574.26 3433.61 10086.14 2687.46 7299.35 6013.35 5788.95 6839.06 3400.38 6869.93 1182.82 8330.29 1852.70 7877.98 5403.13 7621.85 5675.79 2522.44 5994.64 6016.11 809.55 210.43 5122.21 5679.91 6265.62 5969.32 5188.18 
4065.99 1735.66 3705.01 4385.98 2928.48 1169.84 4207.53 0.00 2066.82 5839.61 2738.02 6322.06 3856.89 2162.66 5225.11 5354.96 1726.77 4189.32 5641.39 4376.84 3721.46 5009.94 4818.45 4285.37 2668.93 1297.16 3664.41 3979.65 6846.90 6646.92 4262.14 5427.09 1421.52 5121.67 4073.56 4992.01 4880.66 4937.31 7226.69 5975.73 817.22 2562.32 5014.79 6328.71 3669.26 2875.48 5436.02 4177.31 4335.92 3515.86 1226.85 4974.98 3054.98 6879.34 3529.88 4438.40 1471.80 7056.51 3463.03 5669.86 573.63 5514.45 5005.01 3368.11 5790.90 6075.34 3152.04 3343.79 4162.20 5162.15 4109.65 4132.55 6435.52 6910.48 2731.26 3239.79 6002.22 5768.02 4460.46 3425.24 3390.31 4061.73 2997.84 2846.26 3663.67 5590.95 4436.19 1506.44 945.40 6094.74 4942.21 789.14 1597.18 4762.90 1972.87 6366.43 6874.11 3110.23 3888.06 1867.18 7751.64 2305.52 3038.78 5267.67 4969.79 3392.66 4520.75 5580.24 3579.32 6199.77 5340.69 1915.82 4822.64 4935.32 4395.17 2933.05 4350.00 5191.44 3909.44 5928.11 
3552.25 1551.26 1806.12 5743.79 4943.22 3046.51 5429.75 2066.82 0.00 7906.03 1029.38 7133.79 2579.18 774.90 6924.61 7398.26 3368.17 5537.59 6326.71 4402.79 2359.31 4972.56 5718.20 5683.95 1985.30 2136.53 3539.26 4481.83 8839.14 8620.95 4373.63 7493.77 1332.48 7043.93 3120.61 6727.87 6914.33 6993.59 8131.61 7168.37 1414.67 906.29 6521.13 7776.93 5586.96 4562.33 7305.75 5657.01 4286.92 2176.60 840.42 6136.89 1030.50 8908.73 4959.45 2406.18 3410.72 9110.47 1699.83 7569.07 2540.51 7577.89 5449.18 2818.07 7236.88 8072.56 5087.18 3061.27 5834.77 7022.51 5565.08 6143.22 8385.47 8977.21 827.55 5180.21 7921.46 6538.90 6431.52 2010.66 4588.54 5812.33 4577.95 4913.02 3368.11 7396.88 5068.37 561.54 2344.03 6980.33 5490.82 2854.49 1111.37 6002.48 2075.33 7031.40 7885.01 2606.57 5753.47 3076.58 9816.48 4353.63 1515.33 6598.90 6115.76 3976.64 5722.22 7646.90 4074.68 8265.88 7102.30 1337.59 6811.64 5998.11 5638.46 1397.34 2831.11 7181.66 5790.04 7987.23 
8532.33 7157.77 9472.36 5054.56 3117.39 5039.04 5438.74 5839.61 7906.03 0.00 8462.20 7323.97 9144.83 7883.64 4007.43 990.73 5089.91 5257.50 7302.81 7970.85 9101.39 8426.68 6622.33 5109.99 7925.06 6274.74 7941.48 7146.44 2054.19 2147.91 7920.75 416.03 6973.99 2633.34 9016.92 3803.09 1584.62 1042.58 7569.50 6014.38 6554.41 8317.56 4602.99 5213.47 3006.52 4421.61 2775.62 4648.81 8064.55 8917.41 7066.45 5971.74 8885.84 1840.78 5014.56 10246.81 4624.63 1550.81 9140.11 2568.98 5412.12 409.97 7710.11 8238.79 5025.60 1935.39 3269.55 7954.02 3935.64 2843.14 4730.90 2279.80 2301.34 1091.66 8539.06 3183.69 2454.47 7150.32 2419.37 8950.55 5460.13 3811.62 4550.88 2993.78 8145.79 3214.89 7075.40 7346.05 5858.22 7002.78 7287.04 5054.56 7256.98 5479.34 6958.52 7950.91 7040.23 8041.66 3320.57 5766.65 1920.17 3583.84 8681.43 5300.31 6016.64 6679.06 5739.25 336.61 7016.43 362.69 3451.47 7448.19 2116.39 6038.65 5403.20 8556.43 9760.77 2000.58 3233.37 463.06 
2734.09 2578.93 2130.60 5656.36 5394.08 3846.23 5280.48 2738.02 1029.38 8462.20 0.00 6705.70 1569.99 582.05 7833.49 7861.55 4256.08 6520.33 5864.60 3744.87 1340.93 4256.94 6744.28 6659.32 2960.50 2284.13 4532.55 5509.90 9193.76 8951.59 5379.05 8058.40 1498.11 7847.91 2173.59 7623.09 7606.94 7498.03 7724.22 6935.91 1940.88 1727.64 6495.06 7679.79 5905.40 5458.53 7537.01 5646.60 3605.11 1169.56 1638.19 7146.83 1317.90 9605.01 5923.16 1831.11 3849.32 9754.08 732.90 7825.28 3283.76 8109.23 6471.59 3768.54 7151.58 8812.59 5438.79 4046.81 5944.17 7250.34 5543.90 6868.99 8687.48 9548.94 1452.46 5534.19 8193.72 6109.78 7197.17 2735.74 4478.39 6697.37 4687.30 5503.78 4342.15 7568.04 6097.57 1420.17 3236.11 6592.81 5000.54 3506.85 2133.48 5836.35 1863.81 8058.99 7536.73 3575.96 6587.60 4043.54 10345.21 4878.54 2260.58 6463.06 7127.15 3610.29 6725.98 8227.40 5103.56 8815.41 7242.52 2364.78 7560.66 5736.31 5490.55 390.67 1805.57 7929.42 6616.17 8494.04 
4410.17 7895.67 8803.44 2472.45 5400.46 6922.16 2327.71 6322.06 7133.79 7323.97 6705.70 0.00 5939.69 6456.53 9807.05 6333.27 7554.32 9730.31 859.77 3179.34 6106.96 2997.34 10770.31 9731.69 8772.38 5235.77 9976.82 10221.83 6367.00 6050.83 10578.25 7146.17 5864.12 8845.97 5276.36 9521.57 7817.08 6428.54 1023.27 1408.43 6163.88 8032.50 2721.03 2564.98 4729.26 8187.57 4640.91 2893.95 3354.86 6073.77 6758.67 10639.46 7962.70 9154.62 9091.92 8157.96 5359.51 8840.69 6876.13 4932.51 6574.92 6939.55 11221.39 9573.38 2443.89 8956.89 4867.23 9622.92 3531.40 4506.68 2862.43 7650.82 5698.00 8146.44 7932.50 4887.40 5222.76 596.95 8133.15 9133.63 2992.46 8815.64 3773.33 6208.47 9950.09 4262.36 10597.03 6889.14 7219.78 322.93 1727.46 6224.90 7567.83 1975.73 5060.42 12390.27 1001.19 9317.41 8318.72 8024.44 8394.95 5726.78 8642.67 2023.72 10654.48 3157.40 10200.92 7358.51 9843.67 7495.40 3939.27 7948.38 8219.81 1519.24 2224.13 6442.28 6495.52 8437.50 8271.16 6990.99 
1556.50 4105.13 3446.99 5483.74 6028.31 5025.69 5037.34 3856.89 2579.18 9144.83 1569.99 5939.69 0.00 1907.17 9080.22 8419.09 5533.53 7913.01 5080.17 2771.16 245.37 3129.06 8245.76 8036.52 4530.45 2919.52 6102.28 7053.12 9554.95 9281.91 6946.82 8762.80 2436.01 8922.63 739.98 8848.84 8514.30 8126.92 6957.28 6470.62 3051.95 3284.07 6369.91 7396.64 6323.91 6718.33 7757.95 5592.91 2600.43 402.61 3011.02 8595.98 2750.36 10484.12 7285.77 2266.24 4579.32 10548.29 1180.59 8074.15 4430.52 8762.37 8027.72 5334.73 6906.34 9771.97 5930.56 5616.80 6053.28 7476.39 5480.51 7842.57 8980.96 10234.74 2980.18 6023.84 8455.64 5367.36 8223.75 4230.23 4366.12 7918.43 4885.50 6327.71 5911.50 7697.59 7632.41 2861.26 4556.73 5896.16 4219.79 4530.75 3651.10 5529.80 2190.64 9602.78 6867.95 5145.25 7730.65 5439.01 10951.78 5644.00 3779.50 6169.96 8580.12 3190.35 8162.01 8951.92 6642.59 9480.64 7337.36 3914.78 8554.83 5284.15 5234.67 1184.88 652.36 8914.95 7746.40 9101.31 
2778.02 2211.81 2358.86 5234.23 4823.46 3285.48 4883.12 2162.66 774.90 7883.64 582.05 6456.53 1907.17 0.00 7297.36 7292.32 3720.94 6036.58 5633.91 3644.58 1712.23 4205.39 6338.66 6168.13 2749.71 1750.37 4286.91 5162.25 8643.96 8406.49 5107.39 7479.10 936.77 7279.62 2380.79 7081.37 7026.04 6923.60 7464.97 6582.60 1360.16 1656.68 6051.51 7267.54 5358.08 4921.84 7013.45 5194.27 3523.78 1513.26 1122.59 6697.26 1517.46 9023.87 5424.15 2385.51 3276.41 9172.06 1300.37 7295.87 2714.91 7532.55 6150.74 3587.39 6733.23 8234.65 4883.79 3815.84 5451.73 6727.15 5095.20 6290.68 8148.38 8969.64 1488.28 4978.99 7660.94 5859.77 6623.12 2748.90 4059.87 6153.15 4189.67 4922.21 4127.91 7061.01 5734.60 954.16 2711.01 6319.87 4784.92 2926.88 1756.18 5448.77 1453.09 7709.37 7244.08 3370.64 6027.52 3556.48 9769.72 4299.80 2253.61 6064.16 6680.25 3312.13 6267.33 7647.20 4749.03 8237.50 6743.99 2049.58 6984.27 5393.77 5093.50 798.46 2271.51 7352.67 6054.05 7920.00 
9149.89 5567.06 7899.69 7337.05 4408.83 4055.32 7514.99 5225.11 6924.61 4007.43 7833.49 9807.05 9080.22 7297.36 0.00 4545.71 3577.77 1833.01 9459.44 9125.64 8936.95 9724.72 2974.39 1632.52 5941.83 6339.11 5213.44 4008.42 6047.27 6096.44 4825.68 3775.40 6646.49 1374.35 9276.67 285.54 2504.75 4108.29 10377.23 8790.15 6029.03 6883.90 7335.02 8384.48 5137.27 2375.68 6134.18 6922.03 9143.94 8730.83 6195.35 2175.16 7632.78 3361.05 2104.40 9268.38 4972.79 3943.10 8563.96 6083.92 4651.91 4078.04 4188.48 5848.87 8014.07 2442.70 4940.31 5447.98 6351.23 6042.30 6946.19 2241.58 6171.08 4451.35 7217.58 4923.78 6140.04 9429.90 1808.92 7033.81 7074.61 1169.67 6126.72 3613.24 5498.58 6559.93 3682.69 6426.16 4598.52 9496.39 9084.74 4615.48 5896.33 7835.60 7101.48 4030.53 9877.64 5750.82 1522.30 3887.00 5352.01 4190.15 6977.15 7962.96 2227.07 7865.54 2127.86 3698.04 4081.56 4231.89 6622.58 5877.81 1946.35 8303.21 7590.51 8094.23 9550.37 2007.18 1554.40 4444.28 
7704.52 6821.76 9049.45 4080.98 2469.38 4713.43 4477.77 5354.96 7398.26 990.73 7861.55 6333.27 8419.09 7292.32 4545.71 0.00 4889.08 5522.14 6320.78 7075.97 8394.64 7508.53 6885.77 5401.23 7650.55 5615.19 7862.28 7218.31 1684.94 1627.83 7950.10 887.36 6363.49 3214.61 8237.63 4305.33 2044.62 511.27 6588.06 5026.75 6006.10 7896.85 3612.31 4255.03 2140.39 4444.07 1815.09 3681.91 7178.14 8218.76 6568.97 6319.89 8406.28 2827.49 5168.05 9675.46 4017.93 2524.61 8511.14 1647.68 4995.54 621.89 7889.90 8056.67 4045.47 2798.18 2488.72 7813.37 2968.98 1859.98 3768.14 2482.74 1637.36 1929.93 8085.38 2395.90 1616.39 6163.72 2786.05 8624.38 4554.09 4104.16 3685.51 2592.00 8036.63 2260.99 7230.89 6846.87 5523.92 6012.11 6329.83 4594.35 6861.93 4496.95 6254.05 8321.28 6058.94 7840.78 3557.91 5590.63 2535.30 3049.55 8312.12 4309.59 6360.06 5803.66 6029.00 1073.28 7034.47 1198.02 2473.92 7093.65 2600.25 5057.56 4432.96 7919.61 9049.42 2614.72 3472.30 720.14 
5786.50 2174.38 4572.88 5315.74 2899.38 654.27 5275.55 1726.77 3368.17 5089.91 4256.08 7554.32 5533.53 3720.94 3577.77 4889.08 0.00 2470.66 6975.81 6012.33 5378.55 6642.47 3247.04 2560.15 2847.00 2979.15 3023.26 2750.95 6542.20 6412.34 3299.21 4679.74 3120.66 3718.57 5792.79 3368.28 3798.76 4397.01 8364.09 6944.87 2489.51 3461.92 5731.52 7027.41 3840.87 1202.45 5545.42 5000.75 5989.34 5172.57 2618.22 3289.17 4161.30 5728.36 1805.96 5750.63 2197.26 6032.71 4987.16 5695.07 1187.75 4852.32 3700.26 3169.83 6522.74 4828.07 3360.33 2928.63 4740.80 5312.56 4966.83 2985.66 6283.97 6070.87 3759.65 3417.19 5957.17 7048.59 3176.47 3905.75 4563.84 2446.42 3863.96 2352.47 3167.36 5820.51 3054.80 2854.00 1025.67 7289.38 6376.76 1373.51 2408.46 5769.32 3693.27 4853.60 7948.12 2960.54 2407.11 705.22 6987.49 2239.28 3701.77 6152.98 3289.02 4906.92 2832.07 4779.77 2428.80 5448.03 5668.75 2487.00 3577.77 6070.41 5428.60 4518.65 5981.00 3940.90 2452.29 5303.64 
8254.54 4054.92 6266.15 7341.83 4498.40 3099.09 7404.43 4189.32 5537.59 5257.50 6520.33 9730.31 7913.01 6036.58 1833.01 5522.14 2470.66 0.00 9239.41 8463.18 7738.62 9090.05 1368.54 200.76 4267.67 5449.46 3394.40 2177.69 7170.54 7148.49 2997.23 4930.68 5549.43 2851.77 8227.18 1811.29 3674.72 5022.48 10444.87 8924.23 4915.70 5336.58 7558.09 8760.06 5402.15 1543.83 6794.43 6966.98 8447.16 7534.92 4914.40 914.06 6108.10 5045.13 671.75 7768.57 4456.17 5564.47 7230.33 6831.92 3658.36 5203.77 2483.13 4073.47 8313.43 4082.01 5049.27 3659.79 6533.47 6633.37 6961.20 3044.84 7141.34 5934.95 5690.39 5067.70 6981.72 9271.91 2838.57 5334.76 6796.19 1445.94 5957.48 3700.04 3685.75 7170.44 1902.15 5103.15 3364.12 9442.00 8717.01 3794.52 4444.76 7829.19 6160.94 2852.43 9984.72 4000.68 1966.62 2480.30 6874.84 4028.89 5339.37 8097.27 935.21 7312.18 517.87 4922.51 2255.54 5551.52 7136.00 4347.47 3173.07 8213.97 7525.23 6828.69 8305.62 3403.43 2053.23 5633.15 
3553.71 7158.01 7971.75 2263.97 5064.50 6330.95 1965.95 5641.39 6326.71 7302.81 5864.60 859.77 5080.17 5633.91 9459.44 6320.78 6975.81 9239.41 0.00 2323.22 5247.22 2182.56 10216.15 9255.81 8016.30 4495.98 9270.17 9588.15 6578.50 6259.88 9903.07 7081.56 5080.58 8588.25 4419.96 9174.49 7622.07 6347.51 1881.08 1826.74 5418.55 7229.56 2780.83 3014.64 4514.05 7697.04 4752.41 2686.81 2499.38 5214.83 5991.53 10139.58 7132.65 9103.09 8586.89 7299.12 4804.49 8845.38 6020.34 5068.20 5939.77 6904.01 10599.91 8829.12 2748.14 8816.36 4562.18 8899.37 3386.83 4573.77 2624.19 7370.34 5904.09 8199.88 7116.16 4597.93 5395.40 318.20 7855.03 8333.26 2443.27 8418.87 3338.50 5846.50 9228.18 4425.28 9991.04 6107.42 6560.84 861.11 870.40 5619.60 6812.37 1823.83 4261.43 11828.74 1816.98 8575.20 7948.70 7401.19 8540.83 5301.50 7840.02 2137.13 10151.15 2364.28 9693.22 7297.89 9200.21 7510.11 4067.52 7193.04 7981.81 1264.47 1937.72 5593.81 5638.72 8228.59 7908.40 7010.83 
1230.83 5542.59 5874.86 3314.60 5098.00 5368.18 2833.76 4376.84 4402.79 7970.85 3744.87 3179.34 2771.16 3644.58 9125.64 7075.97 6012.33 8463.18 2323.22 0.00 2952.08 633.10 9193.53 8528.32 6288.16 3080.93 7715.02 8302.95 7819.70 7514.20 8454.28 7655.43 3358.85 8557.28 2097.05 8854.25 7819.66 6933.11 4191.38 3877.80 3872.16 5300.17 4166.12 4938.32 4964.37 6996.75 5924.75 3582.68 177.22 2941.62 4294.46 9301.44 5057.72 9606.07 7791.54 5017.77 4152.90 9500.86 3779.93 6259.16 4838.99 7561.80 9331.66 7130.62 4514.13 9098.55 4760.88 7285.56 4226.12 5673.95 3472.86 7343.96 7174.63 9002.45 5118.62 4834.63 6634.13 2621.70 7805.04 6392.58 2523.16 7981.90 3427.09 5707.13 7612.63 5735.20 8794.26 4329.15 5314.50 3161.54 1485.95 4669.24 5130.48 3173.40 2528.24 10740.25 4131.92 6891.93 7619.96 6244.02 9546.54 5027.95 5897.84 3771.98 9301.27 1317.24 8844.30 7868.11 7890.78 8253.83 5353.12 5495.96 8038.84 2776.60 2982.68 3424.18 3316.18 8353.36 7604.16 7795.93 
1754.73 3894.64 3202.92 5562.59 5984.13 4886.66 5124.45 3721.46 2359.31 9101.39 1340.93 6106.96 245.37 1712.23 8936.95 8394.64 5378.55 7738.62 5247.22 2952.08 0.00 3335.29 8045.12 7865.60 4299.15 2846.28 5872.66 6838.88 9564.13 9295.45 6719.97 8715.05 2306.90 8811.42 970.34 8709.40 8431.89 8090.23 7127.12 6596.88 2909.48 3046.44 6445.47 7498.99 6315.35 6569.31 7785.12 5654.21 2784.46 206.14 2827.40 8409.09 2505.38 10409.49 7117.18 2067.41 4511.67 10488.28 937.54 8097.80 4294.27 8723.07 7808.26 5099.30 7001.71 9682.44 5908.69 5385.97 6091.79 7501.97 5542.71 7747.44 8999.69 10192.51 2738.96 6002.73 8478.17 5529.54 8120.05 3985.89 4428.50 7778.73 4903.69 6253.81 5678.54 7738.70 7421.31 2664.97 4390.70 6053.65 4382.40 4415.46 3442.16 5629.06 2144.12 9388.78 7024.15 4912.35 7605.18 5260.82 10923.59 5576.90 3536.73 6269.91 8392.30 3288.50 7978.00 8901.19 6429.75 9440.65 7382.76 3696.68 8457.41 5403.94 5324.82 961.97 660.32 8819.62 7623.30 9070.17 
1582.88 6155.36 6376.77 3604.06 5630.56 5997.07 3134.25 5009.94 4972.56 8426.68 4256.94 2997.34 3129.06 4205.39 9724.72 7508.53 6642.47 9090.05 2182.56 633.10 3335.29 0.00 9826.58 9153.13 6883.63 3713.91 8327.35 8932.21 8150.90 7839.88 9074.35 8126.26 3973.21 9122.95 2406.21 9451.41 8351.82 7396.31 3969.45 3905.08 4498.08 5861.49 4408.24 5033.07 5427.91 7617.29 6254.50 3919.83 697.84 3357.06 4904.54 9931.31 5574.80 10099.49 8418.32 5395.30 4755.07 9967.18 4215.31 6588.57 5470.81 8016.74 9960.71 7727.35 4656.32 9624.58 5263.41 7892.71 4597.58 6017.19 3815.54 7903.49 7493.49 9438.44 5662.25 5332.26 6955.93 2499.32 8369.79 6944.44 2968.46 8586.70 3915.89 6269.34 8218.70 6028.43 9425.83 4927.90 5947.33 3043.67 1475.67 5295.56 5737.60 3382.60 3149.79 11372.99 3988.76 7491.58 8213.99 6877.11 9942.82 5599.83 6452.02 3933.61 9931.48 1870.57 9474.14 8341.01 8519.51 8697.12 5646.73 6099.33 8591.30 2914.64 3253.16 3915.39 3605.31 8898.33 8195.78 8228.16 
8818.83 4167.10 6045.46 8452.48 5710.40 3899.39 8464.46 4818.45 5718.20 6622.33 6744.28 10770.31 8245.76 6338.66 2974.39 6885.77 3247.04 1368.54 10216.15 9193.53 8045.12 9826.58 0.00 1513.28 4072.11 6115.60 2786.42 1432.48 8538.20 8513.02 2112.26 6298.66 6037.31 4160.54 8662.19 3035.96 5038.27 6383.88 11541.55 10063.74 5424.67 5304.50 8747.37 9985.95 6641.76 2690.77 8109.74 8100.56 9154.37 7849.79 5255.20 840.98 6074.24 6310.46 1796.30 7715.63 5416.73 6860.38 7405.70 8162.75 4369.04 6572.29 1222.37 3619.54 9519.21 5362.36 6250.22 3189.93 7724.96 7936.03 8083.06 4411.98 8499.67 7272.56 5671.47 6279.27 8325.89 10279.10 4202.98 5019.40 7790.42 2812.52 7025.74 4942.11 3094.18 8472.45 872.02 5384.84 3892.07 10495.79 9623.49 4618.53 4611.03 8926.89 6754.98 1621.93 11102.24 3634.41 3333.93 2953.90 8206.36 5174.43 5150.87 9247.17 788.78 8140.34 889.66 6287.94 1745.32 6911.89 8415.87 4406.85 4527.40 9269.28 8603.00 7093.90 8549.01 4738.90 3420.79 7001.09 
8346.41 4214.14 6444.47 7328.70 4461.63 3175.40 7404.27 4285.37 5683.95 5109.99 6659.32 9731.69 8036.52 6168.13 1632.52 5401.23 2560.15 200.76 9255.81 8528.32 7865.60 9153.13 1513.28 0.00 4449.21 5533.19 3594.13 2377.20 7040.34 7025.26 3196.19 4790.47 5659.24 2672.89 8337.17 1615.26 3525.60 4905.17 10431.52 8900.93 5025.30 5503.06 7521.80 8710.35 5352.66 1563.02 6709.69 6948.23 8516.24 7661.30 5045.54 957.49 6272.75 4858.92 756.18 7931.83 4488.86 5384.45 7372.91 6738.33 3745.15 5067.45 2657.13 4268.10 8270.89 3897.80 5014.44 3855.85 6498.17 6555.21 6945.71 2919.39 7026.23 5767.96 5854.81 5029.19 6879.08 9281.46 2690.97 5520.53 6812.95 1304.79 5958.55 3655.51 3884.83 7091.99 2089.61 5240.28 3481.56 9440.39 8748.98 3859.81 4596.90 7818.70 6253.37 2940.49 9966.33 4192.01 1843.61 2615.85 6705.60 4015.93 5517.40 8072.05 988.12 7362.06 630.87 4776.02 2455.87 5398.61 7067.56 4509.90 3014.77 8213.62 7520.40 6962.36 8438.90 3234.49 1928.96 5492.56 
5521.75 933.36 2006.08 7024.55 5398.38 2939.12 6805.32 2668.93 1985.30 7925.06 2960.50 8772.38 4530.45 2749.71 5941.83 7650.55 2847.00 4267.67 8016.30 6288.16 4299.15 6883.63 4072.11 4449.21 0.00 3538.92 1576.05 2698.06 9256.62 9093.45 2434.63 7512.21 2963.33 6431.37 5103.06 5808.96 6638.36 7176.98 9729.82 8581.53 2610.44 1292.67 7680.86 8992.21 6242.38 3806.17 8017.15 6837.42 6188.38 4129.88 2030.12 4652.25 2029.05 8534.59 3839.68 3646.95 4103.18 8868.28 3507.76 8223.74 2767.88 7669.91 3578.26 844.20 8452.82 7607.31 5723.11 1086.98 6827.47 7753.35 6765.70 5823.59 8921.81 8917.13 1651.03 5803.22 8531.77 8191.05 5974.19 1098.82 5965.50 4987.47 5663.17 5060.24 1384.32 8209.04 3307.33 1959.61 2143.98 8578.96 7226.05 3219.02 1204.72 7372.85 3806.75 5199.80 9420.59 621.32 5121.08 2221.00 9830.26 4720.47 1086.97 7906.64 4619.89 5657.97 4302.05 7619.96 2331.74 8285.11 7979.36 824.03 6381.12 7483.99 7002.19 3347.94 4688.36 6734.74 5182.52 8116.17 
2825.83 2662.89 3942.08 3618.70 3165.55 2360.59 3331.20 1297.16 2136.53 6274.74 2284.13 5235.77 2919.52 1750.37 6339.11 5615.19 2979.15 5449.46 4495.98 3080.93 2846.28 3713.91 6115.60 5533.19 3538.92 0.00 4785.27 5242.93 6911.21 6667.59 5458.92 5882.32 830.95 6044.96 2967.47 6087.85 5595.13 5279.24 6191.25 5095.59 928.57 2950.78 4384.82 5647.20 3622.53 4058.23 5263.08 3520.61 3038.77 2654.77 1554.37 6257.05 3140.79 7565.69 4782.46 4115.24 1665.70 7643.36 2899.51 5546.36 1791.55 5904.73 6271.54 4338.21 5106.06 6856.07 3163.36 4404.36 3719.21 4976.77 3429.28 4934.15 6403.84 7366.35 2959.55 3258.85 5912.64 4658.13 5329.77 4007.71 2483.98 5169.85 2456.79 3409.17 4733.52 5314.97 5719.32 1736.77 2233.91 5040.05 3740.58 1725.16 2335.92 3905.38 769.38 7659.70 5890.57 4082.82 4910.23 3163.75 8125.25 2730.73 3539.68 4484.09 6253.67 2167.26 5801.18 6064.41 4835.28 6619.54 5003.61 2715.57 5648.77 3962.18 3536.65 2306.13 3506.12 6005.53 4915.64 6269.27 
7033.13 2172.45 3359.20 8009.75 5903.88 3420.26 7862.59 3664.41 3539.26 7941.48 4532.55 9976.82 6102.28 4286.91 5213.44 7862.28 3023.26 3394.40 9270.17 7715.02 5872.66 8327.35 2786.42 3594.13 1576.05 4785.27 0.00 1356.27 9534.17 9418.49 868.51 7547.60 4356.18 6005.22 6659.09 5149.22 6484.77 7359.06 10890.59 9620.56 3885.08 2861.51 8560.10 9876.73 6829.52 3533.83 8559.90 7760.26 7629.51 5700.85 3423.00 3508.80 3566.73 8206.98 3188.97 5119.85 4900.60 8636.64 5081.65 8716.63 3523.46 7755.78 2057.53 876.28 9350.72 7242.74 6330.82 492.96 7621.00 8320.63 7705.11 5692.47 9301.21 8830.87 3211.47 6396.18 8980.39 9414.08 5714.51 2300.62 7053.43 4486.48 6577.06 5372.07 308.18 8819.27 1933.82 3422.82 2834.07 9755.78 8525.79 3953.67 2595.25 8409.72 5192.13 3687.92 10537.01 983.58 4783.66 2324.91 9773.64 5228.98 2535.60 8884.82 3466.45 6951.72 3258.25 7613.96 1143.12 8286.27 8645.18 2250.47 6114.94 8599.31 8045.23 4918.17 6262.79 6432.06 4861.19 8211.07 
7785.45 2950.70 4636.60 8053.15 5584.53 3329.89 7985.59 3979.65 4481.83 7146.44 5509.90 10221.83 7053.12 5162.25 4008.42 7218.31 2750.95 2177.69 9588.15 8302.95 6838.88 8932.21 1432.48 2377.20 2698.06 5242.93 1356.27 0.00 8902.93 8827.39 821.45 6777.21 5008.30 4958.83 7532.36 3985.08 5609.50 6707.09 11069.74 9683.34 4439.25 3967.82 8482.10 9775.01 6536.67 2774.51 8170.91 7747.83 8242.06 6651.66 4142.58 2162.66 4723.65 7171.82 2157.12 6341.97 4910.61 7655.11 6133.38 8280.63 3650.18 7017.53 1028.99 2189.55 9272.89 6203.08 6078.85 1761.43 7487.42 7959.51 7710.94 4866.73 8756.70 7943.33 4333.46 6127.93 8500.50 9691.18 4793.16 3598.69 7234.30 3455.95 6598.65 4920.18 1664.43 8483.15 609.75 4224.43 3038.80 9971.32 8916.50 4002.39 3406.22 8496.53 5792.68 2549.90 10669.84 2218.05 3854.05 2198.91 8890.91 4955.80 3758.76 8898.79 2118.54 7372.31 1951.90 6811.02 417.18 7471.86 8363.39 3145.14 5172.99 8766.95 8148.05 5877.65 7299.40 5454.19 3938.74 7467.79 
8634.85 8400.26 10550.73 4549.61 3918.89 6319.64 5016.67 6846.90 8839.14 2054.19 9193.76 6367.00 9554.95 8643.96 6047.27 1684.94 6542.20 7170.54 6578.50 7819.70 9564.13 8150.90 8538.20 7040.34 9256.62 6911.21 9534.17 8902.93 0.00 318.63 9634.50 2279.71 7707.20 4676.64 9271.28 5831.55 3568.11 2195.97 6355.24 4963.35 7426.81 9408.67 3815.90 3912.82 3288.68 6128.88 1897.19 4239.60 7948.74 9404.43 8030.23 7939.63 9863.52 3557.53 6842.05 11024.15 5428.69 3000.27 9797.90 1562.73 6545.03 1985.24 9564.04 9700.04 3923.74 3937.61 3762.81 9470.70 3605.61 2146.87 4348.01 4126.33 674.44 2175.53 9568.58 3668.14 1197.91 6354.75 4373.83 10196.58 5355.13 5736.34 4672.48 4207.92 9701.67 2157.56 8908.18 8302.79 7115.79 6066.84 6805.49 6120.65 8402.21 4839.22 7467.02 9935.20 5841.88 9478.09 5204.27 7246.57 2080.17 4567.02 9858.40 4442.24 7981.95 6651.78 7670.70 2350.27 8718.75 1911.60 2528.34 8658.68 4122.56 5382.88 4905.21 9203.32 10202.04 4045.84 5117.45 1604.37 
8341.60 8226.00 10346.41 4237.23 3725.08 6162.50 4705.92 6646.92 8620.95 2147.91 8951.59 6050.83 9281.91 8406.49 6096.44 1627.83 6412.34 7148.49 6259.88 7514.20 9295.45 7839.88 8513.02 7025.26 9093.45 6667.59 9418.49 8827.39 318.63 0.00 9546.08 2321.79 7470.19 4734.12 8986.92 5871.13 3598.78 2134.45 6049.87 4648.14 7206.86 9209.09 3498.15 3606.81 3048.59 6053.70 1589.49 3932.41 7644.69 9138.19 7818.83 7937.75 9647.85 3751.81 6793.79 10782.65 5213.98 3220.48 9546.66 1255.04 6364.15 2018.41 9514.90 9558.04 3608.14 4067.14 3535.36 9339.84 3307.20 1845.96 4041.52 4105.88 355.81 2402.82 9360.33 3441.65 884.14 6036.25 4383.94 10017.16 5058.87 5725.19 4396.67 4065.44 9577.92 1839.60 8854.07 8089.42 6949.91 5749.96 6489.82 5933.49 8213.60 4522.46 7208.43 9937.68 5534.67 9332.22 5182.97 7117.55 2379.04 4385.41 9669.60 4123.61 7978.76 6355.37 7653.96 2419.19 8630.18 2055.00 2211.52 8478.62 4157.33 5065.24 4592.07 8952.45 9930.31 4108.55 5096.97 1686.14 
7826.91 2938.11 4211.98 8507.29 6190.53 3807.73 8399.65 4262.14 4373.63 7920.75 5379.05 10578.25 6946.82 5107.39 4825.68 7950.10 3299.21 2997.23 9903.07 8454.28 6719.97 9074.35 2112.26 3196.19 2434.63 5458.92 868.51 821.45 9634.50 9546.08 0.00 7544.37 5103.88 5775.84 7486.52 4805.99 6399.25 7439.90 11462.89 10132.77 4590.37 3724.88 8995.62 10302.96 7136.98 3515.10 8815.91 8227.92 8377.56 6544.61 4186.88 2909.06 4435.06 7989.49 2962.71 5983.38 5362.58 8466.99 5942.38 8943.80 4027.05 7776.58 1209.05 1734.61 9788.61 7020.56 6659.53 1360.36 8022.83 8592.99 8182.10 5642.35 9459.76 8739.71 4077.35 6715.82 9180.35 10028.94 5590.42 3149.65 7615.46 4268.15 7057.10 5574.43 1131.93 9108.23 1242.14 4215.04 3361.50 10342.97 9188.47 4424.43 3380.78 8930.64 5926.06 2832.67 11086.19 1851.76 4649.64 2658.49 9687.36 5537.77 3402.63 9370.02 2861.28 7621.92 2746.27 7586.61 915.96 8251.52 8966.00 3058.57 5975.20 9160.62 8572.93 5761.94 7122.82 6263.04 4733.18 8229.23 
8182.87 6742.29 9056.49 4821.59 2735.19 4623.25 5185.82 5427.09 7493.77 416.03 8058.40 7146.17 8762.80 7479.10 3775.40 887.36 4679.74 4930.68 7081.56 7655.43 8715.05 8126.26 6298.66 4790.47 7512.21 5882.32 7547.60 6777.21 2279.71 2321.79 7544.37 0.00 6572.75 2412.76 8649.70 3554.00 1288.80 738.71 7443.53 5869.10 6146.31 7901.75 4430.12 5134.22 2698.41 4036.91 2697.73 4407.09 7743.93 8529.49 6653.93 5672.68 8471.70 2021.58 4658.16 9838.84 4227.02 1846.06 8739.72 2534.54 4996.82 305.78 7365.96 7833.07 4906.43 1910.96 2921.97 7552.43 3697.66 2723.83 4483.14 1915.58 2418.73 1490.54 8123.99 2839.53 2481.94 6943.26 2105.14 8535.70 5157.88 3486.59 4228.94 2580.85 7748.12 3144.80 6724.34 6933.50 5442.49 6823.65 7024.79 4641.29 6840.98 5263.15 6574.10 7663.07 6915.18 7634.09 2976.50 5359.36 2336.14 3180.11 8265.55 5127.27 5716.13 6354.93 5421.21 217.32 6636.83 778.72 3342.50 7032.40 1843.00 5817.72 5163.48 8157.62 9374.93 1790.11 2889.04 702.48 
2787.07 2183.76 3128.98 4412.86 3896.50 2591.17 4097.74 1421.52 1332.48 6973.99 1498.11 5864.12 2436.01 936.77 6646.49 6363.49 3120.66 5549.43 5080.58 3358.85 2306.90 3973.21 6037.31 5659.24 2963.33 830.95 4356.18 5008.30 7707.20 7470.19 5103.88 6572.75 0.00 6508.66 2678.05 6413.39 6176.46 6002.71 6848.00 5841.30 633.95 2192.30 5199.26 6447.01 4421.66 4291.58 6085.76 4336.19 3275.63 2102.33 939.96 6288.75 2316.79 8168.44 4903.61 3320.62 2353.88 8290.77 2167.40 6364.98 1995.07 6616.88 6030.52 3797.05 5907.63 7408.50 3947.18 3930.23 4549.96 5799.83 4242.02 5466.49 7213.49 8062.74 2160.03 4042.41 6728.42 5273.86 5825.28 3280.52 3256.06 5483.20 3287.33 4035.79 4258.41 6144.26 5536.19 1026.84 2191.22 5694.18 4271.95 2113.40 1778.93 4670.79 844.30 7509.97 6581.39 3551.55 5298.58 3117.84 8850.71 3393.49 2796.74 5266.46 6278.41 2716.33 5841.91 6745.51 4591.69 7325.40 5834.34 2152.03 6171.24 4678.78 4306.27 1591.69 2945.74 6536.38 5316.41 6998.19 
8758.94 5877.95 8275.60 6381.22 3551.72 4007.90 6622.54 5121.67 7043.93 2633.34 7847.91 8845.97 8922.63 7279.62 1374.35 3214.61 3718.57 2851.77 8588.25 8557.28 8811.42 9122.95 4160.54 2672.89 6431.37 6044.96 6005.22 4958.83 4676.64 4734.12 5775.84 2412.76 6508.66 0.00 9010.40 1184.64 1175.68 2808.79 9330.32 7731.46 5937.09 7178.71 6259.00 7215.55 4117.12 2625.78 4882.72 5955.38 8600.36 8608.30 6244.00 3430.40 7877.96 2213.96 2828.50 9445.93 4488.78 2712.76 8578.07 4800.50 4564.87 2717.45 5329.86 6508.95 6886.22 1244.97 4027.80 6147.45 5325.37 4821.33 5996.26 1228.93 4823.14 3125.09 7478.02 3990.32 4825.30 8522.05 753.30 7526.67 6302.64 1519.88 5323.72 2853.79 6261.78 5320.40 4751.07 6503.38 4715.91 8527.67 8314.04 4396.16 6126.64 6873.01 6812.46 5365.05 8816.77 6365.40 1318.02 4228.18 4049.87 3530.26 7382.71 6919.62 3479.07 7253.59 3273.28 2326.42 4935.54 2860.48 5422.72 6193.12 649.01 7377.62 6668.71 8054.70 9454.37 632.85 1266.90 3072.61 
866.26 4586.51 4158.65 5032.20 5923.02 5235.66 4568.04 4073.56 3120.61 9016.92 2173.59 5276.36 739.98 2380.79 9276.67 8237.63 5792.79 8227.18 4419.96 2097.05 970.34 2406.21 8662.19 8337.17 5103.06 2967.47 6659.09 7532.36 9271.28 8986.92 7486.52 8649.70 2678.05 9010.40 0.00 9032.82 8510.37 7983.54 6286.87 5894.45 3311.99 3900.00 5920.52 6874.07 6109.43 6947.09 7431.51 5187.50 1921.62 1053.94 3409.44 8955.58 3429.35 10447.60 7581.40 2996.30 4565.39 10465.88 1902.48 7755.94 4639.47 8623.66 8528.04 5926.74 6403.18 9785.38 5759.08 6181.85 5706.51 7155.90 5073.68 7883.07 8672.54 10099.03 3621.44 5849.17 8138.78 4716.06 8290.04 4894.30 3972.21 8107.63 4609.15 6311.51 6487.19 7332.98 8095.67 3307.94 4865.84 5252.80 3573.04 4669.04 4131.53 5024.83 2198.53 10073.98 6224.60 5723.48 7872.08 5782.58 10771.77 5613.46 4428.61 5659.09 8943.49 2720.37 8511.96 8847.06 7117.22 9340.92 6962.92 4430.06 8598.99 4729.64 4755.56 1784.67 1219.34 8950.64 7879.76 8936.63 
8893.14 5398.06 7749.52 7051.66 4123.30 3823.42 7229.57 4992.01 6727.87 3803.09 7623.09 9521.57 8848.84 7081.37 285.54 4305.33 3368.28 1811.29 9174.49 8854.25 8709.40 9451.41 3035.96 1615.26 5808.96 6087.85 5149.22 3985.08 5831.55 5871.13 4805.99 3554.00 6413.39 1184.64 9032.82 0.00 2272.90 3858.93 10093.25 8506.86 5800.04 6716.36 7052.94 8108.46 4854.05 2167.03 5870.68 6636.81 8874.35 8503.39 5985.97 2269.04 7458.34 3274.50 1991.89 9085.46 4702.07 3832.75 8354.79 5826.92 4418.39 3854.26 4235.12 5753.68 7734.80 2330.93 4654.89 5360.89 6067.52 5774.07 6660.79 1967.19 5935.97 4300.01 7044.82 4638.59 5891.41 9144.49 1546.24 6904.93 6791.51 930.68 5842.37 3328.14 5427.88 6293.98 3698.54 6221.67 4392.76 9210.97 8802.42 4366.71 5714.50 7550.23 6852.22 4181.69 9594.22 5644.63 1242.19 3713.85 5214.59 3908.32 6830.54 7679.30 2319.30 7590.41 2164.36 3487.19 4029.19 4041.88 6351.00 5710.81 1713.91 8017.67 7304.97 7876.75 9327.41 1811.07 1271.52 4232.16 
8160.81 5954.23 8334.62 5377.66 2722.39 3897.75 5662.42 4880.66 6914.33 1584.62 7606.94 7817.08 8514.30 7026.04 2504.75 2044.62 3798.76 3674.72 7622.07 7819.66 8431.89 8351.82 5038.27 3525.60 6638.36 5595.13 6484.77 5609.50 3568.11 3598.78 6399.25 1288.80 6176.46 1175.68 8510.37 2272.90 0.00 1633.75 8246.45 6647.83 5666.08 7195.34 5174.52 6074.68 3108.88 2952.59 3715.14 4949.82 7881.78 8235.09 6081.39 4391.20 7833.43 1998.78 3460.26 9311.71 3947.83 2234.86 8320.74 3625.80 4373.98 1584.54 6135.69 6859.53 5767.27 1285.28 3118.07 6543.31 4285.88 3665.48 5002.48 814.93 3666.33 2347.67 7456.81 3063.19 3651.13 7530.93 836.33 7704.46 5441.92 2229.54 4461.84 2198.89 6708.71 4155.73 5508.54 6355.58 4690.84 7495.77 7423.47 4101.00 6124.02 5858.83 6341.49 6377.20 7726.87 6681.47 1758.25 4426.66 3293.41 2898.44 7488.82 5850.72 4435.49 6502.74 4154.66 1251.91 5507.25 1879.41 4273.84 6260.31 559.19 6384.25 5686.21 7763.08 9088.57 628.63 1672.39 1982.09 
7490.85 6361.31 8616.78 4085.90 2113.73 4245.37 4447.29 4937.31 6993.59 1042.58 7498.03 6428.54 8126.92 6923.60 4108.29 511.27 4397.01 5022.48 6347.51 6933.11 8090.23 7396.31 6383.88 4905.17 7176.98 5279.24 7359.06 6707.09 2195.97 2134.45 7439.90 738.71 6002.71 2808.79 7983.54 3858.93 1633.75 0.00 6757.54 5172.75 5615.64 7462.14 3720.21 4496.01 1969.80 3932.92 2093.59 3669.99 7024.99 7909.17 6158.94 5830.09 7992.27 2757.71 4659.42 9300.02 3648.96 2570.88 8162.50 1992.07 4553.53 640.66 7380.84 7566.52 4233.24 2557.23 2229.49 7317.05 2961.81 2072.89 3745.18 1991.79 2121.65 2115.52 7661.81 2142.64 2032.48 6213.48 2322.84 8163.86 4428.04 3612.90 3510.21 2131.14 7536.66 2538.78 6721.01 6437.99 5060.36 6105.70 6286.20 4165.40 6417.77 4531.61 5946.10 7831.86 6230.88 7353.45 3061.69 5096.35 2848.44 2640.92 7862.63 4415.30 5869.42 5638.32 5531.41 956.02 6524.39 1357.44 2691.40 6638.46 2174.99 5084.36 4426.36 7574.48 8748.35 2237.88 2976.83 996.71 
5421.38 8840.17 9816.14 3103.16 6012.80 7747.56 3088.63 7226.69 8131.61 7569.50 7724.22 1023.27 6957.28 7464.97 10377.23 6588.06 8364.09 10444.87 1881.08 4191.38 7127.12 3969.45 11541.55 10431.52 9729.82 6191.25 10890.59 11069.74 6355.24 6049.87 11462.89 7443.53 6848.00 9330.32 6286.87 10093.25 8246.45 6757.54 0.00 1599.41 7119.47 9026.52 3073.23 2443.09 5242.23 8911.45 4805.03 3488.44 4365.74 7095.91 7728.71 11358.40 8974.72 9410.09 9823.74 9180.21 6169.08 9035.30 7899.40 5056.25 7440.51 7208.06 12055.12 10519.82 2544.00 9313.90 5462.97 10551.92 4026.51 4728.13 3486.17 8171.82 5710.36 8293.24 8935.82 5467.79 5291.37 1615.43 8646.14 10124.79 3847.42 9443.14 4516.24 6830.88 10877.07 4382.70 11418.08 7869.55 8101.70 1153.98 2750.33 7067.89 8527.15 2617.59 6056.34 13163.44 529.27 10262.60 8923.62 8871.44 8427.98 6416.57 9635.92 2416.03 11376.74 4156.89 10929.51 7647.89 10701.66 7697.07 4118.37 8906.78 8689.89 2304.02 2939.75 7463.98 7506.16 8874.27 8869.21 7195.57 
5051.77 7663.33 8933.13 1630.20 4453.79 6354.47 1776.21 5975.73 7168.37 6014.38 6935.91 1408.43 6470.62 6582.60 8790.15 5026.75 6944.87 8924.23 1826.74 3877.80 6596.88 3905.08 10063.74 8900.93 8581.53 5095.59 9620.56 9683.34 4963.35 4648.14 10132.77 5869.10 5841.30 7731.46 5894.45 8506.86 6647.83 5172.75 1599.41 0.00 6002.08 8029.91 1473.86 1194.12 3652.88 7403.79 3279.87 1963.31 4051.35 6521.91 6648.87 9838.19 8096.12 7854.07 8318.22 8565.99 4777.08 7506.49 7243.70 3557.00 6112.07 5643.08 10644.96 9332.21 1040.47 7726.13 3900.57 9318.89 2440.83 3173.29 1983.32 6577.38 4296.63 6789.40 7993.41 3898.64 3831.64 1532.64 7050.13 9101.57 2619.01 7876.67 3084.76 5271.51 9636.87 2881.99 9994.46 6827.53 6793.45 1124.89 2436.10 5708.60 7398.54 1212.84 5130.49 11682.79 1087.98 9073.60 7349.45 7498.08 7002.15 4900.64 8628.08 831.98 9858.85 3348.14 9417.60 6076.46 9332.09 6162.22 2580.30 7770.44 7090.63 1203.43 1581.65 6737.34 7083.14 7275.45 7292.74 5658.11 
3394.29 1740.44 3184.33 4489.03 3542.03 1977.22 4229.94 817.22 1414.67 6554.41 1940.88 6163.88 3051.95 1360.16 6029.03 6006.10 2489.51 4915.70 5418.55 3872.16 2909.48 4498.08 5424.67 5025.30 2610.44 928.57 3885.08 4439.25 7426.81 7206.86 4590.37 6146.31 633.95 5937.09 3311.99 5800.04 5666.08 5615.64 7119.47 6002.08 0.00 2112.03 5214.40 6501.00 4172.56 3666.98 5897.64 4352.79 3805.14 2703.54 667.96 5659.52 2444.01 7664.14 4269.70 3692.54 2000.77 7818.80 2658.04 6157.40 1386.67 6212.99 5466.37 3411.57 5958.71 6875.95 3672.61 3489.80 4467.26 5615.44 4269.06 4931.74 6970.83 7635.72 2187.06 3765.74 6508.13 5585.06 5270.23 3124.79 3383.66 4869.37 3226.20 3576.47 3819.49 6000.82 4950.38 905.98 1560.27 5968.53 4649.44 1566.90 1408.26 4802.58 1353.45 6917.21 6814.99 3156.94 4704.92 2491.94 8453.10 2976.93 2674.42 5364.33 5649.88 3074.59 5211.50 6309.11 4024.81 6911.17 5716.02 1787.37 5627.61 4882.59 4432.17 2118.36 3534.03 5995.46 4726.62 6611.89 
