in:0.004973
out: 0.040819
