in:0.015018
Time taken by function: 41759 microseconds
out: 0.041815
