in:0.004898
out: 0.03986
